====================加载相机参数==========================
K:
[2968.4102, 0, 2052.8564;
 0, 2968.4451, 1513.4656;
 0, 0, 1]
dist:
[0.11610191, -0.7793752, 0, 0, 0]
====================创建共视图==========================
tracks num:
15725
====================重建==========================
初始匹配视图: 2  3
=========重建 2 3 2616=============
相机参数：
id1 2:
K:
2968.41       0 2052.86
      0 2968.45 1513.47
      0       0       1
dist:
 0.116102
-0.779375
        0
        0
        0
R:
1 0 0
0 1 0
0 0 1
t:
0
0
0
id2 3:
K:
2968.41       0 2052.86
      0 2968.45 1513.47
      0       0       1
dist:
 0.116102
-0.779375
        0
        0
        0
R:
  0.998758 -0.0162239  0.0471022
 0.0127092   0.997179   0.073983
-0.0481696 -0.0732925   0.996147
t:
-0.745584
-0.241247
 0.621212
reProjErr:
27.0599
=========重建 2 6 817=============
相机参数：
id1 2:
K:
2968.41       0 2052.86
      0 2968.45 1513.47
      0       0       1
dist:
 0.116102
-0.779375
        0
        0
        0
R:
1 0 0
0 1 0
0 0 1
t:
0
0
0
id2 6:
K:
2968.41       0 2052.86
      0 2968.45 1513.47
      0       0       1
dist:
 0.116102
-0.779375
        0
        0
        0
R:
 -0.00921165  0.000544079  -0.00142286
-0.000572958  -0.00957146  -0.00044773
 0.000896135 -0.000548012    -0.012897
t:
 0.00337352
-0.00097261
 0.00368879
reProjErr:
10.7291
=========重建 3 6 640=============
相机参数：
id1 3:
K:
2968.41       0 2052.86
      0 2968.45 1513.47
      0       0       1
dist:
 0.116102
-0.779375
        0
        0
        0
R:
  0.998758 -0.0162239  0.0471022
 0.0127092   0.997179   0.073983
-0.0481696 -0.0732925   0.996147
t:
-0.745584
-0.241247
 0.621212
id2 6:
K:
2968.41       0 2052.86
      0 2968.45 1513.47
      0       0       1
dist:
 0.116102
-0.779375
        0
        0
        0
R:
 -0.00921165  0.000544079  -0.00142286
-0.000572958  -0.00957146  -0.00044773
 0.000896135 -0.000548012    -0.012897
t:
 0.00337352
-0.00097261
 0.00368879
reProjErr:
16.2634
=========重建 2 5 211=============
相机参数：
id1 2:
K:
2968.41       0 2052.86
      0 2968.45 1513.47
      0       0       1
dist:
 0.116102
-0.779375
        0
        0
        0
R:
1 0 0
0 1 0
0 0 1
t:
0
0
0
id2 5:
K:
2968.41       0 2052.86
      0 2968.45 1513.47
      0       0       1
dist:
 0.116102
-0.779375
        0
        0
        0
R:
  0.00307952 -0.000396799  0.000141368
-9.13611e-05   0.00297034  0.000689453
 -0.00280155 -0.000930031   0.00886747
t:
-0.00115874
-0.00201471
 -0.0223608
reProjErr:
26.2774
=========重建 3 5 612=============
相机参数：
id1 3:
K:
2968.41       0 2052.86
      0 2968.45 1513.47
      0       0       1
dist:
 0.116102
-0.779375
        0
        0
        0
R:
  0.998758 -0.0162239  0.0471022
 0.0127092   0.997179   0.073983
-0.0481696 -0.0732925   0.996147
t:
-0.745584
-0.241247
 0.621212
id2 5:
K:
2968.41       0 2052.86
      0 2968.45 1513.47
      0       0       1
dist:
 0.116102
-0.779375
        0
        0
        0
R:
  0.00307952 -0.000396799  0.000141368
-9.13611e-05   0.00297034  0.000689453
 -0.00280155 -0.000930031   0.00886747
t:
-0.00115874
-0.00201471
 -0.0223608
reProjErr:
23.3358
=========重建 5 6 705=============
相机参数：
id1 5:
K:
2968.41       0 2052.86
      0 2968.45 1513.47
      0       0       1
dist:
 0.116102
-0.779375
        0
        0
        0
R:
  0.00307952 -0.000396799  0.000141368
-9.13611e-05   0.00297034  0.000689453
 -0.00280155 -0.000930031   0.00886747
t:
-0.00115874
-0.00201471
 -0.0223608
id2 6:
K:
2968.41       0 2052.86
      0 2968.45 1513.47
      0       0       1
dist:
 0.116102
-0.779375
        0
        0
        0
R:
 -0.00921165  0.000544079  -0.00142286
-0.000572958  -0.00957146  -0.00044773
 0.000896135 -0.000548012    -0.012897
t:
 0.00337352
-0.00097261
 0.00368879
reProjErr:
27.3643
=========重建 3 4 174=============
相机参数：
id1 3:
K:
2968.41       0 2052.86
      0 2968.45 1513.47
      0       0       1
dist:
 0.116102
-0.779375
        0
        0
        0
R:
  0.998758 -0.0162239  0.0471022
 0.0127092   0.997179   0.073983
-0.0481696 -0.0732925   0.996147
t:
-0.745584
-0.241247
 0.621212
id2 4:
K:
2968.41       0 2052.86
      0 2968.45 1513.47
      0       0       1
dist:
 0.116102
-0.779375
        0
        0
        0
R:
  -0.0085759   0.00133875  0.000581144
-0.000675164  -0.00840366  2.51782e-05
  0.00332802  -0.00117943   -0.0107975
t:
 0.00559967
-0.00179497
 0.00592304
reProjErr:
22.2368
=========重建 4 5 152=============
相机参数：
id1 4:
K:
2968.41       0 2052.86
      0 2968.45 1513.47
      0       0       1
dist:
 0.116102
-0.779375
        0
        0
        0
R:
  -0.0085759   0.00133875  0.000581144
-0.000675164  -0.00840366  2.51782e-05
  0.00332802  -0.00117943   -0.0107975
t:
 0.00559967
-0.00179497
 0.00592304
id2 5:
K:
2968.41       0 2052.86
      0 2968.45 1513.47
      0       0       1
dist:
 0.116102
-0.779375
        0
        0
        0
R:
  0.00307952 -0.000396799  0.000141368
-9.13611e-05   0.00297034  0.000689453
 -0.00280155 -0.000930031   0.00886747
t:
-0.00115874
-0.00201471
 -0.0223608
reProjErr:
26.3028
=========重建 1 2 426=============
相机参数：
id1 1:
K:
2968.41       0 2052.86
      0 2968.45 1513.47
      0       0       1
dist:
 0.116102
-0.779375
        0
        0
        0
R:
   0.0110202   0.00133071    0.0008955
-0.000522152     0.010112  0.000537036
  0.00233245  0.000883657    0.0118053
t:
 0.00148445
-0.00173497
-0.00570966
id2 2:
K:
2968.41       0 2052.86
      0 2968.45 1513.47
      0       0       1
dist:
 0.116102
-0.779375
        0
        0
        0
R:
1 0 0
0 1 0
0 0 1
t:
0
0
0
reProjErr:
15.3885
=========重建 1 6 356=============
相机参数：
id1 1:
K:
2968.41       0 2052.86
      0 2968.45 1513.47
      0       0       1
dist:
 0.116102
-0.779375
        0
        0
        0
R:
   0.0110202   0.00133071    0.0008955
-0.000522152     0.010112  0.000537036
  0.00233245  0.000883657    0.0118053
t:
 0.00148445
-0.00173497
-0.00570966
id2 6:
K:
2968.41       0 2052.86
      0 2968.45 1513.47
      0       0       1
dist:
 0.116102
-0.779375
        0
        0
        0
R:
 -0.00921165  0.000544079  -0.00142286
-0.000572958  -0.00957146  -0.00044773
 0.000896135 -0.000548012    -0.012897
t:
 0.00337352
-0.00097261
 0.00368879
reProjErr:
15.2087
=========重建 1 7 114=============
相机参数：
id1 1:
K:
2968.41       0 2052.86
      0 2968.45 1513.47
      0       0       1
dist:
 0.116102
-0.779375
        0
        0
        0
R:
   0.0110202   0.00133071    0.0008955
-0.000522152     0.010112  0.000537036
  0.00233245  0.000883657    0.0118053
t:
 0.00148445
-0.00173497
-0.00570966
id2 7:
K:
2968.41       0 2052.86
      0 2968.45 1513.47
      0       0       1
dist:
 0.116102
-0.779375
        0
        0
        0
R:
 -0.00275237  0.000278082  -0.00104987
 0.000139024  -0.00253206 -0.000125344
-0.000272503   0.00125687  -0.00492349
t:
 0.00182705
0.000292863
 0.00839221
reProjErr:
20.1225
