====================加载相机参数==========================
K:
[2968.4102, 0, 2052.8564;
 0, 2968.4451, 1513.4656;
 0, 0, 1]
dist:
[0.11610191, -0.7793752, 0, 0, 0]
====================创建共视图==========================
tracks num:
7721
====================重建==========================
初始匹配视图: 6  7
=========重建 6 7 2561=============
相机参数：
id1 6:
K:
2968.41       0 2052.86
      0 2968.45 1513.47
      0       0       1
dist:
 0.116102
-0.779375
        0
        0
        0
R:
1 0 0
0 1 0
0 0 1
t:
0
0
0
id2 7:
K:
2968.41       0 2052.86
      0 2968.45 1513.47
      0       0       1
dist:
 0.116102
-0.779375
        0
        0
        0
R:
   0.999183   0.0125709  -0.0384202
  -0.012451    0.999917  0.00336001
  0.0384592 -0.00287889    0.999256
t:
 0.923038
 0.107795
-0.369298
reProjErr:
1.93373
=========重建 5 6 612=============
相机参数：
id1 5:
K:
2968.41       0 2052.86
      0 2968.45 1513.47
      0       0       1
dist:
 0.116102
-0.779375
        0
        0
        0
R:
-0.000704014  6.18814e-06 -2.17342e-05
-7.75322e-06 -0.000696601  1.46347e-05
 2.20643e-05 -1.13837e-05 -0.000706799
t:
0.000432337
7.22002e-05
-9.1722e-05
id2 6:
K:
2968.41       0 2052.86
      0 2968.45 1513.47
      0       0       1
dist:
 0.116102
-0.779375
        0
        0
        0
R:
1 0 0
0 1 0
0 0 1
t:
0
0
0
reProjErr:
2.28963
捆绑调整前重投影误差:
4.88501
捆绑调整后重投影误差:
2.80205
=========重建 5 7 404=============
相机参数：
id1 5:
K:
 2968.7       0 2053.36
      0 2968.45 1514.19
      0       0       1
dist:
 0.116102
-0.779375
        0
        0
        0
R:
-0.000702861  1.25609e-05 -2.19769e-05
-4.11365e-06 -0.000696273  1.44931e-05
 8.23038e-05    0.0001285 -0.000705872
t:
0.000463296
0.000155372
0.000262678
id2 7:
K:
 2982.6       0 2040.13
      0 2942.46 1510.62
      0       0       1
dist:
 0.116102
-0.779375
        0
        0
        0
R:
   0.994419 -0.00344261  -0.0426125
 -0.0195929    0.991419  0.00222078
 -0.0482939   -0.178364    0.999078
t:
   0.9927
0.0467506
   -1.126
reProjErr:
3.53222
捆绑调整前重投影误差:
3.49991
捆绑调整后重投影误差:
3.455
