-6.38389	4.89217	21.9937	
-6.27505	4.24951	22.0445	
-6.24265	4.06101	22.1519	
-7.1425	-4.4553	23.2875	
-6.10829	4.68215	22.1362	
-5.79643	4.72465	21.8742	
-5.93344	3.85113	22.1757	
-5.65412	5.5275	21.9433	
-5.75048	3.59604	22.1231	
-6.0154	3.36317	23.1014	
-5.6358	3.61752	22.274	
-5.62045	3.50924	22.2477	
-5.38851	4.72441	21.9381	
-6.20769	2.00751	24.3233	
-6.12296	2.20909	24.1987	
-5.63738	3.27919	22.7359	
-6.08381	2.33146	24.2136	
-6.2744	-0.47549	24.5629	
-5.39888	3.38905	22.4519	
-6.03202	2.6671	24.5851	
-6.0278	1.54995	24.5717	
-6.19788	0.801623	25.0978	
-4.68497	5.01939	20.4621	
-5.87607	2.46777	24.4841	
-5.76359	2.15526	24.0006	
-6.15043	-0.770023	24.8177	
-5.42687	3.00747	22.9583	
-6.1708	-1.08473	24.9119	
-5.01394	3.98749	21.6809	
-5.48836	2.93051	23.3871	
-5.79159	2.66506	24.523	
-5.64987	2.62033	24.2462	
-5.08428	3.35124	22.2033	
-5.89015	0.435581	24.7311	
-5.86029	0.139021	24.5409	
-5.84533	0.969483	24.7767	
-5.89828	-0.780256	24.6081	
-4.73147	4.56261	21.2551	
-3.91704	2.72459	18.011	
-5.67119	1.1872	24.4409	
-5.55752	2.17291	24.2503	
-5.55752	2.17291	24.2503	
-5.4168	2.39159	23.7647	
-5.52202	2.38003	24.2245	
-5.70332	-0.177185	24.4246	
-5.69792	0.808856	24.668	
-5.15773	2.91215	23.0412	
-6.03386	-1.75189	25.4542	
-5.66998	0.917426	24.6488	
-5.67376	0.938924	24.7619	
-5.66028	-0.559411	24.5427	
-5.89505	-3.7296	25.0118	
-4.44297	5.09271	21.0473	
-5.89697	-4.82262	24.884	
-5.93983	-4.57034	25.1458	
-4.6403	4.20817	21.8422	
-5.53012	-0.198049	24.5564	
-4.48271	4.42286	21.2406	
-5.59826	-1.1399	24.6043	
-5.8534	-3.55242	25.1753	
-5.08133	2.85507	23.4893	
-4.13461	6.05307	20.3074	
-5.59344	-1.40117	24.835	
-5.67505	-1.70454	25.1223	
-5.23123	2.05529	24.1209	
-4.40715	4.24279	21.1912	
-4.83759	2.9521	22.7744	
-5.64257	-2.12034	25.0866	
-5.15275	2.24898	24.0341	
-5.07795	2.35096	23.8063	
-5.32577	1.81646	24.7738	
-5.003	2.77717	23.8032	
-3.9881	4.79917	19.9795	
-5.69645	-5.07289	25.1345	
-5.17673	1.08326	24.4437	
-5.17673	1.08326	24.4437	
-5.64232	-4.12714	25.2728	
-5.10276	1.8761	24.3473	
-4.69749	3.02849	22.9717	
-4.69749	3.02849	22.9717	
-3.86687	5.78606	19.9413	
-4.81354	2.78851	23.463	
-4.89784	2.64792	23.8282	
-4.24876	4.17079	21.3592	
-4.32455	3.62923	21.7801	
-5.1218	-0.178565	24.3908	
-5.10589	0.248082	24.4704	
-5.05422	0.050585	24.2668	
-4.32455	3.62923	21.7801	
-4.62456	2.93882	23.1573	
-4.18202	4.00627	21.4041	
-5.39581	-3.4628	25.2082	
-5.39581	-3.4628	25.2082	
-5.3491	-2.68723	25.2774	
-4.93214	1.64728	24.495	
-5.12549	-1.89274	24.7011	
-5.12549	-1.89274	24.7011	
-4.88547	0.429185	24.4139	
-5.25427	-2.83506	25.4337	
-4.96525	-1.00772	24.5014	
-4.96525	-1.00772	24.5014	
-5.20437	-3.10538	25.2569	
-4.21447	3.54178	22.1769	
-5.24154	-4.63401	25.0959	
-5.20904	-3.76509	25.1557	
-5.20904	-3.76509	25.1557	
-4.47455	3.26145	23.3907	
-4.81134	0.734586	24.4099	
-4.76719	1.32223	24.3876	
-3.69076	4.89588	20.1381	
-3.98361	3.71632	21.3831	
-4.94638	-1.41095	24.7887	
-5.1338	-2.69117	25.3862	
-5.12927	-2.18274	25.4892	
-4.65757	2.0666	24.3973	
-4.70681	1.66079	24.5635	
-3.51089	6.61182	19.9848	
-5.04612	-3.21634	25.2651	
-4.97926	-2.55723	25.0689	
-5.03713	-4.04409	25.1363	
-3.81426	3.90579	21.1099	
-5.51229	-4.6877	27.4558	
-4.98844	-2.91751	25.383	
-4.45924	2.51952	24.2152	
-4.66815	-0.689916	24.6813	
-4.67218	-0.693132	24.7061	
-4.48798	1.85009	24.4586	
-4.881	-3.37454	25.2202	
-4.38118	2.30823	24.1011	
-4.91971	-3.88518	25.3205	
-4.88283	-3.06966	25.3425	
-3.62133	4.02947	20.6988	
-4.5102	0.23971	24.3156	
-4.85446	-1.93632	25.5674	
-4.87406	-2.84198	25.44	
-3.61853	3.8676	20.9892	
-4.7953	-2.91337	25.4269	
-4.80739	-4.29202	25.1495	
-3.35167	4.58726	19.8893	
-4.03951	3.02808	23.0838	
-4.75162	-3.20975	25.3192	
-4.74741	-3.5074	25.2354	
-4.74741	-3.5074	25.2354	
-4.22229	2.60278	24.0571	
-4.39683	0.858699	24.5664	
-4.7309	-1.92882	25.624	
-4.38414	0.564654	24.4261	
-3.45194	4.08196	20.432	
-4.66153	-1.43996	25.5859	
-4.69715	-2.85101	25.442	
-4.65923	-3.93907	25.0817	
-4.3347	0.254076	24.5353	
-4.59518	-4.2462	24.964	
-4.62034	-2.06459	25.6662	
-4.59155	-2.93243	25.3216	
-4.2747	0.474267	24.5026	
-4.13134	2.27588	24.2057	
-4.55031	-2.64507	25.3047	
-4.5412	-1.76755	25.5906	
-4.53034	-1.94126	25.603	
-3.76838	3.1526	22.7311	
-4.45106	-2.16568	25.2447	
-4.489	-2.79578	25.3295	
-4.24967	1.95357	25.2403	
-4.27868	0.0378165	24.9933	
-3.76673	3.0135	22.9521	
-4.18818	0.208744	24.6604	
-4.13747	0.774758	24.5302	
-4.33528	-1.05222	25.3654	
-3.95202	2.39052	24.1006	
-4.35728	-2.36967	25.3044	
-4.31551	-1.98758	25.2274	
-3.06232	4.55497	19.7862	
-4.39654	-4.37881	25.1812	
-4.06025	0.642958	24.6133	
-3.87442	2.82368	24.1798	
-4.03338	0.498202	24.6667	
-4.13463	-0.441979	25.0962	
-2.88333	4.90847	19.2535	
-3.54519	3.31646	22.7095	
-4.28501	-4.0978	25.193	
-3.95933	1.42832	24.7008	
-3.95933	1.42832	24.7008	
-4.03588	0.207105	24.8722	
-3.96372	0.919142	24.663	
-3.81332	2.3031	24.1849	
-3.81332	2.3031	24.1849	
-4.225	-4.55978	24.9345	
-4.225	-4.55978	24.9345	
-3.48795	3.39672	22.6416	
-4.19349	-2.08393	25.4058	
-3.9449	1.06731	24.7472	
-4.24899	-4.23404	25.1768	
-3.00347	4.1174	20.0426	
-4.13194	-0.321949	25.5768	
-3.91725	0.611207	24.6588	
-3.34257	3.38141	21.9482	
-3.47302	3.35811	22.7203	
-2.89221	4.5421	19.6181	
-3.67218	3.17555	23.9983	
-3.93349	0.369614	24.9157	
-3.67383	2.49074	23.9256	
-3.67383	2.49074	23.9256	
-3.83681	1.12991	24.5771	
-4.12401	-3.72552	25.0807	
-3.72406	2.27627	24.2219	
-3.32601	3.53731	22.19	
-3.39816	3.47196	22.6544	
-2.90932	4.28362	19.983	
-3.36409	3.52686	22.616	
-4.08046	-4.06078	25.184	
-3.67713	2.23897	24.3738	
-2.79184	4.44651	19.6565	
-4.03321	-4.48443	25.0551	
-2.99713	3.88048	20.8295	
-3.24576	3.63588	22.3686	
-2.47233	6.26229	18.3961	
-2.47233	6.26229	18.3961	
-3.27429	3.48028	22.8107	
-3.27429	3.48028	22.8107	
-3.55561	2.19463	24.3135	
-3.55561	2.19463	24.3135	
-3.156	3.64009	22.2154	
-3.93145	-4.42326	25.1288	
-3.93145	-4.42326	25.1288	
-3.7609	0.165485	25.2811	
-3.64874	0.609813	24.6642	
-3.89618	-4.03668	25.1326	
-3.89618	-4.03668	25.1326	
-3.47589	2.40246	24.1365	
-3.47589	2.40246	24.1365	
-3.19818	3.53672	22.7101	
-3.63475	1.54949	25.0378	
-3.86063	-3.58086	25.1795	
-3.43857	2.31396	24.1563	
-3.50947	2.18963	24.7295	
-2.96689	3.65939	21.6535	
-3.85543	-4.28466	25.3616	
-3.73467	-0.87458	25.5174	
-3.04774	3.68783	22.2562	
-3.75853	-2.42484	25.3215	
-3.77908	-1.8277	25.6241	
-2.33006	6.30517	18.2921	
-3.1035	3.47363	22.6977	
-3.70786	-1.5419	25.5212	
-3.77722	-4.3469	25.2825	
-3.78396	-4.35881	25.3349	
-3.5982	0.379362	25.3915	
-3.02697	3.57102	22.4075	
-3.35043	2.37851	24.5304	
-2.74509	5.57157	21.4694	
-3.64444	-3.05637	25.2071	
-3.63912	-3.32085	25.1411	
-3.39247	2.01358	24.8989	
-3.38711	2.0086	24.8553	
-3.62866	-1.85226	25.6073	
-3.55649	-0.92955	25.4071	
-2.8424	3.71557	21.7499	
-3.29592	2.51329	24.6008	
-3.61112	-1.70883	25.6865	
-3.5119	-0.158223	25.4548	
-3.5966	-2.69025	25.3677	
-3.54302	-1.30011	25.4577	
-3.49812	-0.376815	25.4992	
-3.51747	-1.3813	25.464	
-3.54701	-2.89768	25.3269	
-3.54701	-2.89768	25.3269	
-2.82116	3.64365	22.0398	
-3.52003	-3.17541	25.2278	
-3.52003	-3.17541	25.2278	
-3.52483	-3.17988	25.2668	
-3.50835	-2.07065	25.5074	
-3.55126	-4.36296	25.2392	
-3.24319	1.88991	25.0821	
-3.39225	-1.11137	25.3829	
-3.45873	-2.83802	25.4398	
-3.45873	-2.83802	25.4398	
-3.38244	-0.567635	25.5305	
-3.3775	-1.62581	25.288	
-3.39017	-1.52358	25.484	
-3.41846	-3.6253	25.2093	
-2.79152	3.53231	22.5887	
-3.403	-3.34099	25.2044	
-3.403	-3.34099	25.2044	
-3.403	-3.34099	25.2044	
-3.40059	-1.98039	25.6014	
-2.81842	3.09377	22.7521	
-2.81842	3.09377	22.7521	
-3.3856	-2.73261	25.3389	
-3.36967	-3.03933	25.239	
-2.75364	3.25848	22.6281	
-3.33283	-2.83568	25.3831	
-2.84025	2.9547	23.3916	
-3.23285	-0.320333	25.4835	
-3.23665	-1.08659	25.337	
-3.23733	-1.25416	25.3126	
-3.21992	-0.232342	25.4994	
-3.22515	-0.936554	25.3578	
-3.23046	-1.42443	25.36	
-3.2684	-3.47743	25.1286	
-3.2993	-4.34553	25.172	
-3.25348	-3.17575	25.1945	
-3.24807	-2.88786	25.2821	
-3.24807	-2.88786	25.2821	
-3.06577	1.28265	25.008	
-3.1869	0.00307594	25.6286	
-2.6618	3.30602	22.549	
-2.60047	3.42915	22.2183	
-2.96462	2.12455	24.7301	
-2.98275	1.76055	24.9449	
-3.11982	-0.675339	25.3951	
-2.8747	2.41307	24.3576	
-3.09972	-0.834537	25.3639	
-3.10595	-0.835074	25.4223	
-3.12551	-1.84419	25.2961	
-2.62371	3.01776	22.7166	
-3.0873	-0.564444	25.4295	
-3.10083	-1.48915	25.3405	
-2.66267	2.85282	23.1708	
-3.11588	-2.90186	25.2468	
-3.11588	-2.90186	25.2468	
-3.12418	-3.33127	25.2144	
-3.16085	-4.42994	25.2762	
-2.73424	2.86126	23.9384	
-2.93745	0.660053	24.9442	
-3.10406	-4.18747	24.9098	
-2.98603	0.248707	25.3281	
-3.05587	-1.9714	25.3042	
-3.07829	-3.06802	25.1863	
-3.06868	-2.70252	25.237	
-2.57724	3.07399	22.9587	
-2.12226	4.32677	19.6303	
-2.43405	3.51393	21.9429	
-2.60562	2.88432	23.1835	
-2.52401	3.15496	22.756	
-2.51636	3.09795	22.6931	
-2.50371	3.29575	22.6747	
-2.39167	3.65976	21.9061	
-2.44092	3.48555	22.2718	
-2.80852	1.69989	24.8697	
-2.95569	-1.2662	25.3126	
-2.94056	-0.698855	25.4137	
-2.3614	3.60917	21.8883	
-2.97095	-2.1837	25.3393	
-2.90458	-0.517866	25.3613	
-2.95597	-2.56701	25.2874	
-2.92454	-1.71613	25.3673	
-2.51615	2.91824	23.2537	
-2.76627	1.17222	24.8782	
-2.77641	0.709761	24.8551	
-2.71695	2.01441	24.753	
-2.64297	2.09047	24.2256	
-2.56367	2.76075	23.7825	
-2.85428	-0.311944	25.5786	
-2.91585	-3.77253	25.1832	
-2.91218	-4.3437	25.0068	
-2.67148	1.79668	24.7196	
-2.3265	3.49067	22.2362	
-2.59368	2.15049	24.201	
-2.85704	-2.37031	25.1834	
-2.54173	2.72152	23.9689	
-2.394	3.03247	22.8766	
-2.82601	-1.5498	25.4314	
-2.375	2.97743	22.8902	
-2.375	2.97743	22.8902	
-2.31293	3.29972	22.4301	
-2.65908	1.5445	24.9941	
-2.32741	3.10712	22.538	
-2.83976	-3.52191	25.2576	
-2.64233	0.629269	24.6966	
-2.78868	-1.8044	25.3604	
-2.7222	-0.056281	25.3637	
-2.71229	0.240547	25.3673	
-2.83458	-4.62866	25.1636	
-2.83458	-4.62866	25.1636	
-2.35243	2.99433	23.1075	
-2.58069	1.88352	24.8761	
-2.60764	1.67631	25.0981	
-2.57343	1.79121	24.9143	
-2.66145	0.138232	25.3125	
-2.77776	-4.23157	25.1592	
-2.49879	2.09761	24.5231	
-2.47097	2.60375	24.4195	
-2.78459	-4.07992	25.3825	
-2.31297	2.7481	23.2527	
-2.7246	-3.88762	25.1978	
-2.11155	3.57382	21.8764	
-2.26586	2.94597	23.1826	
-2.28621	2.72013	23.3186	
-2.12071	3.64384	22.0546	
-2.60501	-0.129604	25.479	
-2.61354	-2.1494	25.2109	
-1.5792	6.40803	18.0418	
-2.37128	2.31937	24.2892	
-2.26838	2.70545	23.509	
-2.21099	2.99708	23.0907	
-2.13158	3.13327	22.5544	
-2.21464	2.75166	23.3764	
-2.06578	3.47689	22.1877	
-2.45554	0.490379	25.1265	
-2.29401	2.41293	24.2032	
-2.09083	3.16151	22.4629	
-2.09985	3.21842	22.6087	
-2.40512	1.25225	24.9553	
-2.16038	2.80365	23.4138	
-2.72664	-6.04663	26.3867	
-2.23908	2.49472	24.3822	
-2.23016	2.33542	24.1897	
-1.94787	3.59306	21.8204	
-2.46018	-2.16141	25.3042	
-2.31374	0.782487	24.817	
-2.48431	-3.97409	25.1746	
-2.31961	0.92249	24.9811	
-2.06481	2.98842	23.1037	
-2.20429	2.31729	24.3248	
-2.14297	2.74112	23.8284	
-1.92927	3.88881	22.0538	
-2.00133	3.12797	22.6025	
-2.33826	0.0199915	25.2006	
-1.99745	3.10065	22.6534	
-2.18388	2.69734	24.4406	
-2.46361	-4.42386	25.2029	
-2.18226	2.3515	24.3463	
-1.88132	3.67878	21.8017	
-2.30137	0.493619	25.2377	
-2.25397	0.990459	24.977	
-2.36404	-2.41602	25.2636	
-1.85494	3.96259	21.8936	
-2.27892	0.127731	25.215	
-2.21865	1.13638	24.9704	
-2.14605	2.21061	24.6435	
-2.32189	-1.81947	25.411	
-1.91603	3.14829	22.7491	
-2.28569	-1.3115	25.2984	
-2.17375	1.62828	25.0331	
-2.07553	2.42824	24.1945	
-2.07553	2.42824	24.1945	
-2.18352	0.884601	24.8987	
-1.85504	3.45383	22.197	
-2.15586	1.43099	24.92	
-2.14938	1.49725	25.0212	
-2.45795	-6.00597	26.306	
-2.28913	-3.68411	25.1583	
-2.28913	-3.68411	25.1583	
-1.7823	3.79695	21.9218	
-1.78725	3.63671	21.9716	
-2.26266	-3.07279	25.2155	
-2.25226	-2.81269	25.2127	
-2.26453	-2.50318	25.5086	
-2.24994	-3.33048	25.1692	
-1.78068	3.54135	22.0967	
-2.27163	-4.3316	25.1637	
-1.99994	2.3193	24.2133	
-2.21925	-2.21045	25.4002	
-2.24751	-4.18713	25.1326	
-2.20988	-2.62031	25.2521	
-1.97361	2.48487	24.1784	
-1.76657	3.49815	22.217	
-1.93662	2.75359	23.9498	
-2.20989	-3.9709	25.0232	
-1.82204	3.25197	22.9143	
-1.7375	3.51465	22.1137	
-1.71572	3.81224	21.9927	
-2.16926	-1.95622	25.412	
-1.7611	3.44246	22.3115	
-2.11809	-1.02919	25.3062	
-2.11809	-1.02919	25.3062	
-2.11181	-0.394063	25.4351	
-2.15094	-2.87384	25.1866	
-2.10871	-0.784036	25.3552	
-2.11617	-1.29973	25.2859	
-2.11617	-1.29973	25.2859	
-2.11617	-1.29973	25.2859	
-2.14823	-1.72244	25.6056	
-2.15202	-3.65599	25.0602	
-2.03714	1.02131	25.2507	
-2.16104	-4.45428	25.2126	
-2.03958	0.476561	25.3592	
-1.99482	0.843909	25.0685	
-2.11109	-3.472	25.0557	
-1.65689	3.5475	21.9769	
-2.03546	-0.463327	25.3098	
-2.09858	-3.15513	25.209	
-2.09655	-3.15031	25.1754	
-2.03568	0.119458	25.5205	
-1.69378	3.46889	22.5303	
-1.65702	3.54275	22.2242	
-1.84749	2.55386	24.2451	
-2.02907	-1.50148	25.3982	
-2.00931	-0.919609	25.3504	
-2.00431	-1.15983	25.3196	
-2.00431	-1.15983	25.3196	
-1.98601	-0.767275	25.213	
-2.04509	-2.60454	25.4071	
-2.19835	-5.96421	26.2463	
-1.86837	2.1344	24.8988	
-1.9802	-0.566256	25.371	
-2.04743	-3.87091	25.2736	
-2.0434	-3.8586	25.2041	
-1.90267	0.713425	25.0638	
-1.99091	-2.99431	25.2556	
-1.94861	-0.184747	25.6055	
-1.98793	-2.90851	25.3068	
-2.00754	-4.34953	25.2083	
-1.89737	-0.477385	25.2469	
-1.96938	-3.55121	25.2786	
-1.96938	-3.55121	25.2786	
-1.94381	-2.69056	25.261	
-1.57496	3.61879	22.5925	
-1.61218	3.42098	23.0452	
-1.95406	-3.63494	25.1074	
-1.89098	-0.32712	25.4079	
-1.95255	-3.0944	25.3901	
-1.93476	-3.02088	25.2367	
-1.93476	-3.02088	25.2367	
-1.93567	-3.02248	25.2527	
-1.11694	6.42454	17.9844	
-1.84964	-0.780441	25.2524	
-1.84642	-0.779529	25.1923	
-1.84642	-0.779529	25.1923	
-1.86165	-1.0326	25.3236	
-1.86165	-1.0326	25.3236	
-1.84974	-0.577959	25.3581	
-1.79583	0.898425	25.1907	
-1.84881	-0.689029	25.3629	
-1.86123	-1.42813	25.3339	
-1.82017	0.560071	25.4147	
-1.68855	2.53045	24.4282	
-1.7215	2.20544	24.7229	
-1.7215	2.20544	24.7229	
-1.85704	-1.61704	25.3337	
-1.99345	-5.84378	25.9673	
-1.86469	-2.89531	25.2233	
-1.49681	3.479	22.7166	
-1.83277	-2.00634	25.4651	
-1.72154	0.84151	25.1845	
-1.7948	-2.68149	25.1358	
-1.81398	-3.50405	25.1749	
-1.81398	-3.50405	25.1749	
-1.73151	0.230338	25.2455	
-1.44068	3.86969	22.5375	
-1.75518	-0.916955	25.3292	
-1.70102	0.646432	25.1663	
-1.70102	0.646432	25.1663	
-1.40732	3.98234	22.2823	
-1.78306	-3.15574	25.1821	
-1.78202	-3.1533	25.1614	
-1.74329	-1.16121	25.3334	
-1.74329	-1.16121	25.3334	
-1.76504	-2.08882	25.4371	
-1.75618	-2.56768	25.1162	
-1.30802	4.32243	21.2168	
-1.71802	-0.676348	25.3418	
-1.75168	-1.99025	25.3874	
-1.71203	-1.51004	25.2699	
-1.64617	0.855114	25.1506	
-1.72353	-5.00205	24.4479	
-1.66382	-1.06124	25.04	
-1.70806	-2.87313	25.1846	
-1.63885	-0.454115	25.319	
-1.6609	-1.98594	25.4875	
-1.6362	-5.85385	24.005	
-1.58406	0.0367729	25.29	
-1.65872	-4.49443	25.2418	
-1.61729	-2.90241	25.1588	
-1.39626	3.19767	23.8709	
-1.61291	-3.04091	25.1539	
-1.60693	-2.63099	25.1849	
-1.56863	-1.32836	25.226	
-1.5581	-1.00398	25.2782	
-1.57763	-1.76411	25.4954	
-1.5171	0.178146	25.2892	
-1.56797	-4.13206	24.5779	
-1.52423	-0.208339	25.2939	
-1.46642	0.66914	24.9437	
-1.5522	-5.71099	24.1355	
-1.37797	1.67121	23.9778	
-1.57073	-4.32668	25.1962	
-1.46976	0.0594436	25.3315	
-1.41357	1.15559	25.0345	
-1.32625	1.67302	23.9385	
-1.06649	4.54628	20.7579	
-1.06634	4.54557	20.757	
-1.46834	-3.60529	24.5546	
-1.46834	-3.60529	24.5546	
-1.42139	0.134899	25.222	
-1.30084	1.75725	23.8837	
-1.3661	1.21317	24.9008	
-1.43659	-4.92043	24.0205	
-1.39367	-1.51898	24.9347	
-1.32455	1.25071	24.8984	
-1.32455	1.25071	24.8984	
-0.817301	5.71302	17.7484	
-1.04352	4.21269	21.3066	
-1.31629	0.615557	24.7408	
-1.19611	2.69842	23.8718	
-1.19611	2.69842	23.8718	
-1.30349	0.342045	25.1926	
-1.18745	1.9373	23.8157	
-1.27376	-0.0619877	24.6558	
-1.26923	0.267048	25.2059	
-1.15321	1.82429	23.6385	
-1.1535	1.82508	23.6589	
-1.22023	1.06749	24.6532	
-1.274	-4.68792	23.7491	
-1.01285	3.95726	22.1427	
-1.13221	1.77054	23.7943	
-1.16338	0.768253	24.0598	
-1.26236	-6.02756	23.8706	
-1.10325	1.62828	23.8004	
-1.13753	0.661866	24.3898	
-1.12662	0.164738	24.3984	
-0.684363	5.68674	17.6358	
-1.1166	0.291295	24.5516	
-1.05178	1.50611	24.0171	
-1.05522	0.947824	23.9947	
-1.03498	1.21731	23.8856	
-1.03862	1.3511	24.0416	
-1.14837	-4.95944	23.9302	
-1.14424	-4.82953	23.9132	
-0.872029	4.09207	21.6609	
-0.846973	4.24983	21.2733	
-1.15829	-6.33749	23.9581	
-1.02521	0.7144	24.0313	
-1.0132	1.14354	24.0864	
-0.992198	1.69556	23.8437	
-1.09854	-3.86909	24.1458	
-0.831571	4.18789	21.5844	
-0.984293	1.17819	24.0088	
-1.09999	-5.61927	24.095	
-0.846749	3.91078	22.3706	
-1.06252	-4.42839	23.8801	
-1.06252	-4.42839	23.8801	
-1.04702	-3.38093	23.9387	
-0.96073	1.22176	24.0514	
-0.959605	1.21764	23.9657	
-0.960141	0.702195	23.9306	
-1.04341	-3.43363	24.0964	
-1.04341	-3.43363	24.0964	
-1.10999	-7.26167	24.2878	
-0.938091	1.25315	23.9417	
-0.808562	3.95103	22.2256	
-0.928594	1.44134	24.0216	
-0.929086	1.01721	24.1246	
-1.03006	-5.19665	23.9733	
-1.05989	-6.48721	24.1454	
-0.867463	3.39581	23.8492	
-1.05052	-6.12276	24.2314	
-0.89766	1.405	24.0179	
-0.891733	0.900359	23.8608	
-0.854397	1.53858	23.9149	
-0.859039	0.668171	23.9761	
-0.843578	1.3224	24.0026	
-0.847692	0.990787	24.0553	
-0.766704	1.78007	23.2091	
-0.897367	-6.6352	23.2745	
-0.762013	0.724549	23.8697	
-0.830507	-2.38183	24.6754	
-0.731515	1.61798	23.6749	
-0.7629	0.374911	24.2043	
-0.732423	1.02458	23.8469	
-0.81444	-2.45852	24.667	
-0.80459	-2.19439	24.5154	
-0.72567	0.759072	24.0263	
-0.707706	1.4049	23.8204	
-0.814908	-4.64503	24.1551	
-0.67911	1.85919	23.29	
-0.776077	-1.82431	24.5084	
-0.703058	1.19464	23.9905	
-0.586458	3.91436	21.719	
-0.829904	-5.94415	24.5537	
-0.41645	6.50787	17.8665	
-0.826295	-7.10048	24.3782	
-0.645553	1.9439	23.3206	
-0.673225	1.24586	23.9803	
-0.555073	4.08953	21.5847	
-0.594331	3.67547	22.9519	
-0.750211	-3.37317	24.4434	
-0.663512	0.944039	23.9526	
-0.763844	-4.83784	24.1744	
-0.750098	-3.97297	24.2418	
-0.750098	-3.97297	24.2418	
-0.71712	-1.31326	24.8475	
-0.665514	0.59782	24.0532	
-0.724038	-2.49271	24.4924	
-0.718408	-1.71505	24.843	
-0.609216	2.00188	23.389	
-0.653338	0.425491	24.3356	
-0.653338	0.425491	24.3356	
-0.628348	1.0632	23.974	
-0.638359	0.539828	24.1923	
-0.365587	6.56471	17.8038	
-0.690904	-2.02703	24.602	
-0.372145	6.29816	17.895	
-0.372145	6.29816	17.895	
-0.593114	1.92966	23.3946	
-0.719319	-4.28033	24.5195	
-0.589199	1.89319	23.3535	
-0.694601	-3.13863	24.4337	
-0.612081	1.25077	23.9805	
-0.57641	1.96866	23.2117	
-0.673708	-2.24298	24.6049	
-0.542911	3.39269	22.9206	
-0.583183	1.73439	23.4569	
-0.615051	0.758185	23.9986	
-0.643186	0.0564938	24.7384	
-0.49653	4.00162	21.6797	
-0.616092	0.570188	24.1688	
-0.649514	-0.665693	24.9475	
-0.593912	1.02744	23.9352	
-0.510089	3.43125	22.7395	
-0.548451	1.91445	23.3197	
-0.59194	0.53906	24.2581	
-0.60998	-0.21323	25.0009	
-0.494435	3.53989	22.775	
-0.475821	3.66702	22.2134	
-0.555238	1.16735	23.9965	
-0.486829	3.46473	22.7988	
-0.666047	-5.50713	24.6986	
-0.642753	-4.23576	24.5039	
-0.487209	3.38887	22.8599	
-0.674541	-7.00403	24.4295	
-0.527946	1.68891	23.5531	
-0.59297	-2.1139	24.6722	
-0.59847	-2.91706	24.7439	
-0.463808	2.93159	22.5706	
-0.512593	1.23038	23.938	
-0.551312	-0.416755	24.6702	
-0.539736	-0.0141553	24.6549	
-0.442527	3.35647	22.7165	
-0.503129	1.18661	24.0211	
-0.602434	-6.30355	24.0384	
-0.602235	-6.32567	24.1115	
-0.489288	0.97158	23.849	
-0.473855	1.37064	23.5581	
-0.53323	-1.23777	24.6262	
-0.555715	-2.64001	24.8104	
-0.480364	1.16023	23.924	
-0.547073	-2.52976	24.8023	
-0.547073	-2.52976	24.8023	
-0.521955	-1.92222	24.7087	
-0.372834	4.08047	21.6298	
-0.532681	-3.07281	24.7561	
-0.562929	-6.00443	24.5658	
-0.378612	3.76656	22.1555	
-0.507469	-1.96275	24.6565	
-0.507469	-1.96275	24.6565	
-0.418628	2.22031	23.2354	
-0.445154	1.15605	24.0443	
-0.485338	-0.155574	25.0614	
-0.427449	1.86024	23.5239	
-0.40889	2.38448	23.4518	
-0.407935	2.39206	23.5283	
-0.549224	-7.09087	24.4556	
-0.549274	-7.08674	24.4421	
-0.248145	5.43605	17.7556	
-0.247552	5.44767	17.7886	
-0.367099	3.3386	22.4147	
-0.48223	-1.84931	24.7477	
-0.482544	-2.05002	24.6713	
-0.395216	2.20181	23.2036	
-0.500331	-4.13688	24.7283	
-0.474155	-2.27418	24.7219	
-0.484954	-3.18276	24.7474	
-0.4456	0.0405062	25.0101	
-0.351346	3.28627	22.3594	
-0.478608	-2.85121	24.8066	
-0.478608	-2.85121	24.8066	
-0.33627	3.76282	22.1351	
-0.463442	-2.37422	24.709	
-0.363569	2.20619	23.2089	
-0.428373	-0.856691	24.8374	
-0.464596	-4.26782	24.4465	
-0.339692	2.66376	22.6572	
-0.305902	3.96985	21.9849	
-0.371239	1.17595	23.8391	
-0.382386	0.279745	24.8848	
-0.279009	3.90603	22.0197	
-0.314706	2.21836	23.0999	
-0.381565	-2.09826	24.6703	
-0.300648	2.35359	23.2201	
-0.246456	4.15976	21.5624	
-0.397232	-3.57548	24.6342	
-0.396662	-3.58485	24.7068	
-0.38574	-3.09092	24.7412	
-0.313441	1.30924	23.6575	
-0.253547	3.76755	22.0671	
-0.338666	-0.826252	24.7791	
-0.408844	-6.89333	24.4459	
-0.380283	-5.28314	24.3627	
-0.231942	3.97192	22.0492	
-0.336131	-2.77462	24.7451	
-0.336131	-2.77462	24.7451	
-0.314721	-1.23237	25.0546	
-0.133515	6.2929	17.6746	
-0.133515	6.2929	17.6746	
-0.294271	0.0380895	24.9658	
-0.289014	-0.127213	24.8742	
-0.288394	-0.12682	24.9231	
-0.232785	2.44122	23.0442	
-0.238275	1.98496	23.1842	
-0.323196	-3.4446	24.8868	
-0.202958	3.74792	22.0503	
-0.281187	-0.702196	24.847	
-0.242641	1.31681	23.6644	
-0.289657	-1.74084	24.7197	
-0.203035	3.09548	22.2494	
-0.250182	0.817097	24.1439	
-0.280036	-1.15942	24.7978	
-0.30516	-3.32465	24.8336	
-0.30516	-3.32465	24.8336	
-0.279032	-2.0462	24.6848	
-0.275985	-1.83521	24.6401	
-0.215299	1.86418	23.3369	
-0.229065	1.09532	23.7843	
-0.310945	-4.9486	24.9005	
-0.177441	3.65219	22.0792	
-0.279643	-2.57607	24.8134	
-0.0974099	5.97265	17.7719	
-0.231149	0.298717	24.8749	
-0.252749	-1.98312	24.6949	
-0.307385	-7.10286	24.5088	
-0.180216	2.38728	23.0179	
-0.178773	2.38982	23.0618	
-0.163267	3.03708	22.1636	
-0.166842	2.71024	22.7759	
-0.150857	3.64066	22.0992	
-0.254299	-3.09144	24.8042	
-0.221148	-0.545366	24.8814	
-0.140024	3.92262	21.9566	
-0.171927	2.10834	23.0391	
-0.161881	2.68171	22.8912	
-0.206359	0.170208	24.7538	
-0.177881	1.60694	23.6131	
-0.141362	3.3532	22.2362	
-0.13287	3.79109	22.0985	
-0.220769	-2.6493	24.71	
-0.191926	0.123965	25.0448	
-0.191926	0.123965	25.0448	
-0.23175	-4.26959	24.5247	
-0.231353	-4.15245	24.4918	
-0.18809	-0.446904	24.902	
-0.143406	1.61733	23.6348	
-0.185935	-1.52653	24.8806	
-0.143727	1.30022	23.4125	
-0.103435	3.88803	21.8634	
-0.103435	3.88803	21.8634	
-0.176747	-2.10015	24.734	
-0.084112	3.97295	21.5984	
-0.11106	2.21501	23.0214	
-0.174407	-2.84557	24.8266	
-0.103212	2.55534	22.9831	
-0.153902	-1.13384	24.9391	
-0.0810811	3.53327	22.2058	
-0.16037	-2.54654	24.7735	
-0.0991798	2.24107	23.0852	
-0.11051	1.4296	23.5036	
-0.164948	-3.28494	24.8066	
-0.154066	-2.75583	24.2416	
-0.0897675	2.34785	23.0903	
-0.105733	1.2878	23.4402	
-0.0972385	1.39915	23.4017	
-0.0717084	3.23814	22.3301	
-0.0545949	3.95633	22.023	
-0.105023	0.326023	25.0652	
-0.133418	-2.35778	24.8766	
-0.121328	-1.18711	24.9084	
-0.0675634	2.61201	23.0354	
-0.073426	1.89886	23.3484	
-0.0866757	0.874567	23.2608	
-0.119814	-2.22661	24.6295	
-0.0749287	1.44723	23.511	
-0.0765148	1.29044	23.4414	
-0.0765148	1.29044	23.4414	
-0.0657189	1.7129	23.4015	
-0.0783422	0.151405	24.8786	
-0.0512449	1.94826	23.2968	
-0.0598302	1.14853	23.3871	
-0.0578161	1.35722	23.5174	
-0.0552012	1.40014	23.4782	
-0.0221458	3.95462	21.8877	
-0.0403469	2.29002	23.1581	
-0.0748309	-0.620622	24.9041	
-0.0465209	1.28817	23.4281	
-0.09223	-3.0731	24.7946	
-0.102779	-4.19454	24.5329	
-0.0537061	0.388255	24.6742	
-0.00904073	3.78109	22.141	
-0.0253251	2.26394	23.0561	
-0.0629114	-1.13327	24.8648	
-0.0626695	-1.03741	24.844	
-0.0248388	1.32576	23.4963	
-0.0368689	-0.0947172	24.3257	
-0.0368689	-0.0947172	24.3257	
-0.0528573	-1.67912	24.8835	
-0.0490597	-1.40162	24.3244	
-0.0297761	-0.248845	24.9274	
-0.000529112	2.05623	23.0801	
0.00612206	2.48183	23.0942	
0.0433615	5.5286	17.8264	
-0.0205919	-1.38512	24.994	
0.00692995	1.63284	23.553	
0.012604	2.12716	23.11	
-0.0364221	-2.81193	24.7658	
0.0492604	5.33747	17.7693	
-0.00556799	-0.222533	25.1001	
-0.0262932	-2.31032	24.7364	
0.0123333	1.49674	23.5019	
0.00159442	0.15832	25.0725	
-0.0297937	-3.40262	24.6394	
-0.0218825	-2.60338	24.7144	
0.014726	1.34495	23.4158	
0.0264336	2.09281	23.1182	
-0.0572015	-7.01824	24.4966	
0.0213202	1.28814	23.3605	
0.0213202	1.28814	23.3605	
0.0277437	1.31889	23.4557	
0.0392005	2.14244	23.112	
0.0394991	2.14351	23.122	
0.0552455	2.99925	22.259	
0.0418822	1.13387	23.2402	
0.0281139	-0.627695	24.917	
0.0280298	-2.08251	24.7215	
0.0660056	2.1758	23.0647	
0.0660056	2.1758	23.0647	
0.0216502	-2.94979	24.7502	
0.0552706	0.366914	24.751	
0.0662629	1.40765	23.4389	
0.078695	2.70331	22.9758	
0.0408408	-1.8468	24.8497	
0.0680229	1.30577	23.3526	
0.0222176	-4.04701	24.792	
0.084605	2.79647	22.6357	
0.0694751	0.394758	24.8235	
0.0162583	-5.8096	24.3446	
0.0475628	-2.96131	24.7218	
0.107708	4.17723	21.6212	
0.107708	4.17723	21.6212	
0.0137514	-7.19207	24.3376	
0.109321	2.28383	23.1179	
0.0757949	-1.95393	24.6739	
0.104864	1.38494	23.4486	
0.123104	3.97531	22.2509	
0.102503	1.30255	23.3358	
0.116876	1.5127	23.2359	
0.129851	2.59518	22.993	
0.0911741	-3.06621	24.7824	
0.104193	-1.90235	24.7227	
0.113467	-1.84277	24.9561	
0.0917591	-4.25249	24.675	
0.123602	-0.945088	24.9415	
0.14966	3.69742	22.2349	
0.142359	2.33656	22.9512	
0.153462	4.00544	21.9358	
0.127137	-2.00573	24.6974	
0.126346	-2.00357	24.6738	
0.151202	1.56483	23.1911	
0.160163	3.28227	22.0063	
0.171767	3.31502	22.2377	
0.138577	-2.19935	24.5885	
0.173193	3.50851	22.3286	
0.176253	3.46494	22.3823	
0.154148	-1.79007	24.7404	
0.146551	-2.9517	24.6745	
0.166021	-1.06367	25.0251	
0.166021	-1.06367	25.0251	
0.129764	-5.86018	24.1879	
0.185112	0.982077	23.237	
0.145039	-4.90365	24.4992	
0.195922	1.60638	23.195	
0.206972	2.45734	22.8363	
0.211973	2.18002	22.9476	
0.202075	-1.87659	24.715	
0.202075	-1.87659	24.715	
0.228977	3.7175	22.1657	
0.230332	0.234442	24.8706	
0.231446	-0.0985494	24.9362	
0.231446	-0.0985494	24.9362	
0.231446	-0.0985494	24.9362	
0.170307	-6.87753	24.3066	
0.223982	0.99729	23.2466	
0.223982	0.99729	23.2466	
0.23704	0.908313	23.3447	
0.236264	-1.51416	24.7473	
0.22797	-2.32336	24.713	
0.244843	0.835749	23.2983	
0.26409	-0.446298	24.9875	
0.26409	-0.446298	24.9875	
0.260445	2.81644	22.4145	
0.266964	1.82104	22.8825	
0.240025	-5.04583	23.9349	
0.259425	-3.94954	24.5066	
0.286627	2.29755	22.9143	
0.283753	0.87028	23.2747	
0.256027	-4.51783	24.1648	
0.293279	3.60676	22.1618	
0.254299	-5.43851	24.0223	
0.297097	2.25931	22.9607	
0.264155	-5.28554	24.0881	
0.301085	0.622028	23.2747	
0.264827	-5.76043	24.06	
0.264827	-5.76043	24.06	
0.3003	-2.17637	24.5364	
0.29787	-3.60465	24.4067	
0.316149	1.73075	22.9977	
0.319974	2.5777	22.8127	
0.335403	-0.0134006	24.9334	
0.340828	-0.0883782	24.8205	
0.334875	1.58978	23.1404	
0.302175	-4.97471	23.952	
0.346663	1.09215	23.1857	
0.349453	3.52582	22.1154	
0.349453	3.52582	22.1154	
0.349315	-2.30901	24.5017	
0.352195	0.889925	23.1955	
0.297359	5.6015	17.764	
0.358511	1.66158	23.1728	
0.359201	2.96177	22.4285	
0.385023	0.610428	23.3135	
0.390562	1.0863	23.2663	
0.364793	-5.51612	23.9298	
0.363499	-5.98678	23.9579	
0.397244	2.88301	22.5296	
0.399477	1.13552	23.2924	
0.408077	0.507243	23.8042	
0.404699	0.64569	23.3452	
0.405923	0.646525	23.3712	
0.399266	-3.5585	24.1723	
0.403926	-4.85874	24.0415	
0.395878	-7.13065	24.3279	
0.423163	2.85201	22.5065	
-0.360714	1.03793	9.94779	
0.423695	2.89957	22.49	
0.413125	-4.48125	24.0363	
0.432736	2.67482	22.7188	
0.438729	0.596036	23.3911	
0.456367	0.825101	23.2845	
0.46587	1.5574	23.3045	
0.451625	-4.63125	23.9462	
0.482962	0.70742	23.278	
0.487102	3.15582	22.535	
0.480835	-3.62872	23.8675	
0.504727	2.21069	22.9423	
0.496714	3.17958	22.2262	
0.526111	0.518708	24.1038	
0.5063	2.81656	22.6203	
0.524703	1.74505	23.1308	
0.426573	6.3128	17.8387	
0.529168	1.58439	23.1352	
0.522444	3.36752	22.2766	
0.516131	3.88552	21.9492	
0.521706	-4.73207	23.9057	
0.53636	0.878601	23.3033	
0.527225	3.53405	22.011	
0.531997	-7.14174	24.2443	
0.552269	2.73072	22.6865	
0.549504	-7.77359	24.5507	
0.576681	1.47759	23.3525	
0.570364	0.685456	23.3888	
0.57735	0.691333	23.5214	
0.575909	3.00496	22.7299	
0.574667	-4.92294	23.9033	
0.57639	-4.88938	23.9486	
0.577558	2.68538	22.6538	
0.589544	-6.15342	23.7474	
0.596491	2.65395	22.6372	
0.602107	2.1005	22.8638	
0.482342	5.50504	17.8801	
0.603951	2.77803	22.7151	
0.610561	0.587482	23.3689	
0.599671	2.47088	22.6083	
0.608485	1.76227	23.0231	
0.612291	2.48865	22.5653	
0.62813	2.80135	22.7987	
0.618076	2.78394	22.6572	
0.63262	2.04215	22.8773	
0.657853	-0.237616	24.1076	
0.640794	1.62484	23.0194	
0.639901	-7.55266	24.189	
0.645127	0.576082	23.3522	
0.650535	1.60525	23.0953	
0.655231	0.970976	23.1485	
0.662205	0.785114	23.3284	
0.670708	-3.38277	23.999	
0.670708	-3.38277	23.999	
0.657653	2.44328	22.5701	
0.68386	-3.82807	24.1327	
0.6488	3.72394	22.0684	
0.677075	1.6328	23.2377	
0.699779	0.206616	24.1369	
0.655089	3.87595	21.9821	
0.655089	3.87595	21.9821	
0.691018	1.00798	23.3452	
0.691022	1.62197	23.2647	
0.697616	1.57689	23.1872	
0.703135	1.69669	23.1345	
0.703427	1.95539	22.8585	
0.73277	-3.88536	24.1409	
0.718088	-5.85199	23.7371	
0.696862	3.82541	22.0117	
0.713337	2.40891	22.5843	
0.722575	2.24544	22.8662	
0.74289	-4.35518	23.9965	
0.747435	-4.36991	24.07	
0.726412	3.49413	22.6218	
0.743302	0.67588	23.3358	
0.747454	0.763778	23.4291	
0.732017	2.45119	22.6174	
0.762058	-5.59578	24.0438	
0.770557	-6.91703	24.2486	
0.776995	-7.08759	24.0833	
0.763377	1.84195	22.9017	
0.776029	1.05416	23.2764	
0.789666	-4.04748	24.0214	
0.767646	2.2603	22.8239	
0.784635	1.57141	23.2587	
0.769506	2.33271	22.8119	
0.793204	-7.49101	24.1162	
0.821658	0.229147	24.1958	
0.817285	-4.36759	24.0442	
0.786724	2.66714	22.6941	
0.786661	2.66512	22.6886	
0.786724	2.66714	22.6941	
0.806442	1.26889	23.2629	
0.827618	-7.90798	24.2928	
0.846516	-2.48212	24.3396	
0.808831	2.29378	22.8731	
0.854005	-1.96091	24.3046	
0.855151	-2.60381	24.3648	
0.839333	-6.13666	24.1065	
0.815543	3.54364	22.5111	
0.880335	0.486009	24.2806	
0.861765	-4.24963	24.0222	
0.813675	3.7199	22.1216	
0.831845	3.64791	22.4683	
0.900839	-2.84748	24.4686	
0.825891	3.79834	22.1989	
0.883917	-6.3297	24.1364	
0.886556	-4.63029	24.099	
0.902174	0.201755	24.2613	
0.912053	-1.30801	24.531	
0.826435	3.9297	22.0617	
0.893169	-7.73481	24.1271	
0.857275	3.07107	22.6261	
0.8564	3.60752	22.497	
0.926328	-2.68392	24.5119	
0.924342	-2.60067	24.4446	
0.940747	-1.06682	24.5269	
0.929976	-4.06116	24.1285	
0.947531	-1.78019	24.4542	
0.888102	2.71469	22.7181	
0.930462	-7.01028	24.0851	
0.930462	-7.01028	24.0851	
0.954972	-2.6242	24.4847	
0.87417	3.77983	22.1953	
0.967033	-0.88439	24.5496	
0.962645	-2.36579	24.4772	
0.696131	5.5813	17.7591	
0.968103	-0.122918	24.4822	
0.969452	-1.42679	24.5061	
0.956739	0.561616	24.1084	
0.960682	-2.22853	24.2782	
0.973702	-1.56751	24.449	
0.990406	-1.02172	24.5769	
0.939018	0.939631	23.3241	
0.965061	-4.19308	24.0298	
0.9939	-0.615477	24.5413	
0.931235	2.25933	22.9559	
0.987647	-2.04774	24.346	
0.995107	-2.28457	24.4662	
0.990058	-0.851338	24.3108	
0.977263	0.476972	24.0545	
1.00242	-1.74607	24.6051	
0.997967	-2.70936	24.4548	
1.001	-2.7141	24.4981	
0.932963	2.28457	22.7754	
1.00685	-0.705455	24.4349	
0.994456	-4.79392	24.0888	
1.01417	-2.00337	24.3834	
0.994456	-4.79392	24.0888	
1.01954	-2.64516	24.4766	
1.02274	-2.82869	24.4646	
1.00251	-4.21358	24.0281	
1.03602	-1.04494	24.6715	
1.03602	-5.02195	24.7012	
1.03295	-5.01207	24.6595	
1.01947	0.683824	24.1917	
1.116	0.11953	25.6485	
0.744119	6.55403	17.9059	
1.04108	-6.00641	24.4791	
0.753308	6.04584	17.8146	
1.04589	-2.43006	24.4252	
0.999916	1.43778	23.3648	
1.02576	0.776574	23.8342	
0.987746	2.04104	22.96	
1.03796	-3.85968	24.1805	
1.00539	1.11867	23.2915	
1.07191	-1.25622	24.7628	
1.07191	-1.25622	24.7628	
1.04282	-6.70103	24.2085	
1.00515	1.45433	23.2047	
1.06524	-2.54585	24.4425	
0.985511	2.38358	22.5992	
1.07905	-5.12049	24.721	
0.97867	3.71318	22.3532	
1.05888	-7.39435	24.1903	
1.07972	-0.75294	24.5244	
1.0279	1.39281	23.3042	
1.02016	1.12068	23.1619	
1.08783	-1.18277	24.6079	
1.06921	-7.73678	24.0284	
1.01666	2.32178	22.619	
1.11252	-2.12898	24.6091	
1.11389	-2.84114	24.5733	
1.02482	2.29411	22.6837	
1.114	-2.2655	24.5252	
1.12353	-1.19772	24.6095	
1.14128	-1.39466	24.9223	
1.12107	-2.6345	24.4879	
1.11667	-6.31229	24.2599	
1.04683	2.51367	22.7097	
1.16215	-1.53327	24.9848	
1.14903	-2.96434	24.4761	
1.0617	2.37005	22.6315	
1.09793	1.24841	23.267	
1.08759	1.87441	23.0649	
1.16016	-6.88761	24.1874	
1.17488	-2.63213	24.4898	
1.17271	-2.76229	24.4762	
1.14994	-7.4865	23.9757	
1.07854	2.46913	22.5964	
1.17193	-4.6657	24.4258	
1.20421	-1.43232	24.9851	
1.18168	-2.86043	24.4963	
1.19294	-0.445939	24.6121	
1.11551	1.95356	23.008	
1.11202	2.20541	22.911	
1.19555	-5.12963	24.4065	
1.10616	2.44662	22.6775	
1.2071	-5.59628	24.517	
1.15521	1.04121	23.3515	
1.2416	-1.84682	24.9222	
1.20322	-7.8089	23.9901	
1.21987	-4.32801	24.3625	
1.21887	-3.40817	24.2195	
1.14714	2.06136	22.9422	
1.25093	-2.14554	24.753	
1.18057	1.4133	23.3569	
1.18057	1.4133	23.3569	
1.1491	2.99559	22.7251	
1.15182	1.92507	22.8316	
1.28565	-1.39348	25.1366	
1.25547	-1.0046	24.5387	
1.17315	2.181	22.9085	
1.19874	0.915574	23.3835	
1.25625	-4.57015	24.3387	
1.17112	2.28836	22.7808	
1.24778	-4.34074	24.1053	
1.27725	-5.52493	24.4695	
1.27484	-2.75926	24.4839	
1.17198	2.33763	22.6906	
1.30087	-0.552163	24.9389	
1.28319	-2.86463	24.5092	
1.18433	2.39855	22.7478	
1.2263	0.867615	23.4396	
1.26953	-7.1417	24.0276	
1.26953	-7.1417	24.0276	
1.18866	2.86487	22.6172	
1.19321	2.29976	22.5906	
1.21459	1.94398	22.9119	
1.31159	-1.20287	24.5407	
1.32971	-1.67951	24.8798	
1.31364	-0.63002	24.4483	
1.31893	-3.09299	24.4543	
1.26664	0.803932	23.5698	
1.31132	-4.46034	24.2887	
1.32081	-0.776205	24.4866	
0.927541	5.70876	17.6802	
0.927541	5.70876	17.6802	
1.33793	-2.84784	24.3968	
1.344	-4.05482	24.4094	
1.33773	-6.99211	24.1513	
1.34492	-3.22485	24.3663	
1.35976	-8.82133	24.4748	
1.35896	-2.81815	24.5907	
1.28638	1.13338	23.43	
1.36791	-6.66854	24.5376	
1.26309	1.97242	22.9672	
1.23808	3.37415	22.4457	
1.38123	-1.266	24.7112	
1.21458	3.85153	21.9801	
1.39005	0.2848	24.7568	
1.34841	0.73611	23.9682	
1.28172	2.06179	22.929	
1.37293	-8.09971	24.0086	
1.31504	1.52489	23.3524	
1.4099	-4.88242	24.6441	
1.25735	3.48806	22.377	
1.32493	1.294	23.4263	
1.26828	2.73482	22.4815	
1.40864	-0.396096	24.6892	
1.27538	3.21742	22.5253	
1.29198	2.3518	22.7677	
1.30562	2.21414	22.93	
1.41066	-2.95869	24.4758	
1.41812	-2.87696	24.4264	
1.43044	-1.0325	24.6702	
1.26287	3.68085	21.9788	
1.4821	-2.06743	25.0671	
1.47356	-1.35091	24.8191	
1.45955	-4.18445	24.3859	
1.45759	0.643957	24.4008	
1.46471	-7.62951	24.0729	
1.47818	-1.32175	24.6175	
1.29433	3.76265	21.9032	
1.48327	-6.18567	24.3207	
1.41953	1.1882	23.6002	
1.49748	-1.2791	24.6555	
1.48632	-0.998043	24.5163	
1.37223	2.07214	22.7782	
1.52727	-1.82657	25.0632	
1.37848	2.18762	22.8968	
1.37705	2.18522	22.88	
1.48319	-4.27733	24.2466	
1.503	-5.44291	24.5525	
1.31876	3.61372	22.0328	
1.36567	2.91228	22.5787	
1.36567	2.91228	22.5787	
1.37699	2.55072	22.7699	
1.42932	1.46303	23.4681	
1.08985	6.97078	18.3852	
1.51506	-3.38543	24.4707	
1.49729	0.55769	24.3332	
1.51385	-3.1721	24.3872	
1.50333	-5.09502	23.8514	
1.52262	-7.05749	24.1216	
1.51127	0.672652	24.1681	
1.50988	0.839807	24.0985	
1.51589	0.879911	24.0946	
1.39468	3.35485	22.3163	
1.56783	-2.94637	24.5043	
1.51465	0.95529	23.9085	
1.56817	-3.12162	24.471	
1.57657	-4.15302	24.4101	
1.57593	-2.88899	24.3922	
1.4696	1.89216	23.0713	
1.49152	1.61529	23.3389	
1.41302	3.51955	22.2809	
1.39171	3.70789	21.9354	
1.41964	3.39584	22.2836	
1.53355	1.19473	23.7291	
1.58164	-0.39213	24.3535	
1.58164	-0.39213	24.3535	
1.4632	2.31687	22.7724	
1.58773	-7.0885	24.0466	
1.4675	2.35912	22.7799	
1.60618	-3.44833	24.4341	
1.61807	-3.01983	24.479	
1.47581	2.57983	22.6917	
1.63673	-4.825	24.5078	
1.63673	-4.825	24.5078	
1.628	-3.20662	24.4719	
1.63075	-4.13758	24.4544	
1.42621	3.80343	21.982	
1.63003	-3.09213	24.4734	
1.63003	-3.09213	24.4734	
1.67065	-2.01714	25.0985	
1.56185	1.27855	23.6402	
1.64997	-1.62915	24.7033	
1.65314	-1.82813	24.6622	
1.51613	2.07118	22.9057	
1.43896	3.59468	21.9078	
1.62865	-8.41952	23.7744	
1.62865	-8.41952	23.7744	
1.46963	3.46462	22.2355	
1.64379	-1.42992	24.3336	
1.56778	1.51765	23.3901	
1.62494	0.762323	24.1671	
1.52713	2.08833	22.8826	
1.63987	-1.17133	24.2139	
1.59633	1.16596	23.7456	
1.64572	-0.694514	24.3325	
1.57459	1.60363	23.4415	
1.65114	-0.145882	24.4214	
1.50016	2.7378	22.4107	
1.68137	-3.04618	24.5108	
1.66188	0.122556	24.4174	
1.65893	-0.26018	24.227	
1.6651	0.546837	24.3604	
1.5638	2.01858	23.044	
1.66751	-0.376286	24.2875	
1.58632	1.70869	23.2522	
1.72307	-5.65298	24.7007	
1.70698	-1.91109	24.6402	
1.715	-1.82991	24.7013	
1.57817	2.04409	22.975	
1.69244	-0.643154	24.295	
1.62431	1.55242	23.4237	
1.64179	1.43568	23.5573	
1.72766	-3.09265	24.4627	
1.19321	5.52828	17.7212	
1.72142	-6.51852	24.1329	
1.73958	-7.77904	24.201	
1.73797	-1.94835	24.5574	
1.74189	-3.23971	24.4866	
1.73842	-6.87425	24.1987	
1.74676	-1.64404	24.6433	
1.53972	3.497	22.1743	
1.77947	-4.89457	24.7187	
1.75723	-2.95287	24.4268	
1.76618	-1.91339	24.6187	
1.63443	1.66209	23.0672	
1.62868	2.06694	22.9445	
1.76664	-3.46952	24.4101	
1.77185	-2.99722	24.5351	
1.6043	2.13421	22.5285	
1.74673	0.558626	24.2126	
1.64999	1.96098	23.0321	
1.74555	-0.626807	24.1296	
1.74309	-0.0163577	24.1045	
1.70839	1.1273	23.7193	
1.74608	-0.0862768	24.1495	
1.78293	-1.68193	24.5164	
1.80229	-1.58822	24.6448	
1.65417	2.01519	22.9709	
1.73755	0.75019	23.9669	
1.74924	0.792626	24.1262	
1.74501	0.935843	23.998	
1.56463	3.862	21.8614	
1.81451	-1.86834	24.6	
1.8145	-1.94847	24.5973	
1.76527	0.629237	24.1261	
1.73482	1.34863	23.7336	
1.77572	0.181336	24.22	
1.58342	3.6036	21.9533	
1.63785	2.64508	22.5947	
1.68202	1.94277	23.0782	
1.80306	-8.57812	23.8683	
1.81478	-2.96848	24.4226	
1.6801	2.10455	23.0471	
1.74006	1.22509	23.6871	
1.66113	2.19631	22.7095	
1.76325	0.97327	23.9095	
1.85669	-2.86389	24.7741	
1.80472	-1.1009	24.1786	
1.77201	1.02018	23.8754	
1.70556	1.9935	23.0717	
1.84698	-4.19002	24.3675	
2.19006	-1.36854	28.9162	
1.81244	-0.415179	24.1469	
1.83628	-1.30427	24.3294	
1.63759	3.63132	22.1541	
1.60511	3.65018	21.7313	
1.77067	1.49752	23.6148	
1.82987	-0.934974	24.1883	
1.81915	-0.449512	24.0695	
1.89703	-5.52086	24.6621	
1.70314	2.164	22.7895	
1.8129	0.766143	24.0665	
1.73091	1.91497	23.0907	
1.79085	1.22169	23.6715	
1.79085	1.22169	23.6715	
1.87847	-7.52944	24.1134	
1.89757	-4.02013	24.5601	
1.88766	-3.2722	24.4926	
1.89654	-4.07237	24.5153	
1.71445	2.18822	22.7107	
1.80263	0.972649	23.6945	
1.74686	1.96136	23.0279	
1.89589	-3.0683	24.4729	
1.89589	-3.0683	24.4729	
1.8407	0.80892	24.038	
1.84256	0.585712	24.0516	
1.89024	-1.74626	24.3926	
1.89024	-1.74626	24.3926	
1.88538	-1.27392	24.3366	
1.93315	-5.41179	24.6312	
1.93881	-5.42728	24.6791	
1.91369	-3.40876	24.4906	
1.80984	1.25964	23.5942	
1.30939	5.85193	17.7695	
1.77045	1.99181	23.064	
1.9201	-2.97849	24.4996	
1.93112	-4.03837	24.5449	
1.90341	-1.428	24.3997	
1.95983	-5.41781	24.7221	
1.92201	-3.16093	24.438	
1.84336	0.831729	23.7683	
1.96204	-5.57344	24.6566	
1.93513	-3.06507	24.5266	
1.90326	-1.0239	24.2729	
1.86104	0.9651	23.856	
1.90025	-0.453416	24.1695	
1.85914	1.36517	23.7842	
2.00095	-4.94389	24.982	
1.78382	2.03568	22.9473	
1.95228	-2.95778	24.5419	
1.90293	-0.490738	24.1242	
1.87272	1.21885	23.8681	
1.96995	-2.94061	24.6286	
1.8801	1.26371	23.8661	
1.90735	0.638211	24.1254	
1.95783	-1.77888	24.5078	
1.8969	0.936294	23.9035	
1.97429	-4.15488	24.3978	
1.97903	-7.6929	24.1153	
1.90494	0.890871	23.9114	
1.9696	-1.68058	24.4534	
1.90549	0.953222	23.864	
1.97869	-6.90444	24.0727	
2.00126	-3.12521	24.5323	
1.97969	-1.02074	24.4554	
1.97301	-0.876074	24.3703	
1.96797	-0.264238	24.3036	
1.96797	-0.264238	24.3036	
1.89422	1.55604	23.5057	
1.99404	-8.04248	23.8461	
2.00141	-1.44361	24.4551	
1.82761	2.12966	22.7091	
1.73965	3.67948	21.782	
2.0287	-7.00561	24.2164	
2.0287	-7.00561	24.2164	
2.00656	-8.25851	23.8315	
1.99295	-0.619135	24.2335	
1.86893	1.97657	23.0216	
1.93586	1.1523	23.649	
2.04524	-6.90929	24.162	
1.93922	1.25412	23.6184	
1.88877	2.02317	23.0818	
1.40268	5.68192	17.813	
1.88641	1.98767	22.965	
2.06604	-6.63494	24.2347	
2.06604	-6.63494	24.2347	
2.06522	-0.764833	24.503	
2.0676	-1.7303	24.4169	
2.00128	0.875828	23.8648	
1.4273	6.04716	17.8593	
1.90388	2.0949	22.8632	
2.07919	-0.909359	24.5586	
1.98531	1.21896	23.6042	
2.0978	-3.16284	24.4783	
2.09843	-3.16394	24.4832	
1.97707	1.56127	23.5185	
2.11001	-0.975124	24.6655	
2.10808	-0.975578	24.6476	
2.11476	-3.48542	24.4841	
1.82441	3.6599	21.8854	
2.12662	-1.38236	24.7623	
2.03623	0.757911	23.9409	
2.13008	-4.15193	24.4609	
2.13685	-7.53085	24.1767	
2.13685	-7.53085	24.1767	
2.16932	-1.98935	24.9991	
1.86227	3.41878	22.0942	
1.86227	3.41878	22.0942	
2.14008	-6.72683	24.202	
2.02448	1.11706	23.6093	
2.02436	1.01952	23.5926	
2.0454	0.944756	23.8114	
2.01958	1.22408	23.5486	
2.1817	-5.22539	24.7272	
2.1817	-5.22539	24.7272	
2.17707	-4.80314	24.6301	
2.11497	-0.452908	24.3051	
1.97987	1.98441	23.0044	
2.1771	-6.70394	24.3545	
2.16866	-3.0646	24.5704	
1.97646	2.00908	22.9374	
1.88806	3.34674	22.0617	
2.1573	-7.70707	23.9339	
2.04668	1.18335	23.5595	
2.21513	-2.75806	24.8838	
2.20596	-1.87223	24.8127	
2.20551	-3.30064	24.6327	
2.19524	-7.87284	23.9788	
2.19453	-7.71288	23.9797	
1.92517	3.44734	22.0953	
1.92517	3.44734	22.0953	
2.08081	1.43442	23.5674	
2.02545	1.93025	22.9995	
2.21022	-7.6366	23.9906	
2.21022	-7.6366	23.9906	
2.2364	-6.99691	24.2687	
1.99131	2.10372	22.5492	
2.10288	1.23086	23.6017	
2.10288	1.23086	23.6017	
2.26989	-2.07	25.0647	
2.22135	-2.96571	24.4689	
2.22508	-2.97034	24.4982	
1.94484	3.40045	22.0219	
1.97765	2.73998	22.2773	
2.25558	-4.08195	24.5173	
1.93407	3.64188	21.7452	
2.13639	1.38399	23.5129	
2.28403	-3.14086	24.5878	
1.97897	3.65849	22.0659	
1.97715	3.46433	22.0461	
2.15054	1.44664	23.5774	
2.29058	-2.84205	24.555	
2.28955	-7.3476	24.0678	
2.20221	1.06941	23.8981	
2.10637	1.88424	23.0018	
2.23098	0.614545	24.1056	
2.31469	-7.91771	24.0846	
2.31881	-7.62474	24.044	
2.18381	1.40145	23.5318	
2.19844	1.17663	23.6393	
2.23144	1.01832	23.9466	
2.05766	2.78877	22.2613	
2.02675	3.52973	22.0424	
2.02213	3.60763	21.9856	
2.32694	-3.08154	24.3744	
2.35004	-8.41413	24.0675	
2.35034	-2.99095	24.5775	
2.35034	-2.99095	24.5775	
2.35034	-2.99095	24.5775	
2.35405	-4.01311	24.5108	
2.25656	0.892071	23.9984	
2.05475	3.44746	22.1535	
2.35443	-8.61003	23.9709	
2.34928	-2.81074	24.3972	
2.17907	1.68185	23.1027	
2.24154	1.20874	23.6416	
2.28734	0.822575	24.0635	
2.31341	0.260909	24.1895	
2.24864	1.24778	23.6478	
2.42559	-5.36278	24.7262	
2.28775	0.7286	23.9598	
2.37634	-2.85681	24.4726	
2.06563	3.62641	22.0338	
2.38833	-2.72741	24.5761	
2.42327	-0.897573	25.0336	
2.4112	-8.52209	24.1058	
2.42063	-7.56595	24.179	
2.21953	1.70762	23.1281	
2.12998	2.65238	22.3051	
2.32338	0.914253	23.9427	
2.44549	-3.23059	24.6465	
2.48702	-4.79142	24.8349	
2.47292	-3.90026	24.7911	
2.19607	2.48262	22.7467	
2.29183	1.3655	23.5427	
2.46874	-7.22475	24.3253	
2.46003	-8.17793	24.0642	
2.45058	-2.69962	24.5147	
2.488	-4.126	24.5767	
2.33164	1.07028	23.6313	
2.28749	1.52349	23.1324	
2.48347	-2.09861	24.6161	
2.48771	-2.63032	24.5481	
2.49221	-3.03388	24.5431	
2.49542	-1.36587	24.7236	
2.47932	-2.18067	24.4716	
2.3567	1.15451	23.6448	
2.3567	1.15451	23.6448	
2.40406	0.449022	23.9955	
2.52128	-5.70691	24.4413	
2.33741	1.42942	23.4122	
2.32461	1.42222	23.3163	
2.35142	1.44057	23.4041	
2.42385	0.634058	23.9831	
1.72053	6.16862	17.9864	
2.43539	0.524091	23.9485	
2.21123	3.38565	22.1012	
2.24097	3.51689	22.3507	
2.53816	-2.07442	24.4217	
2.54533	-7.99424	23.7993	
2.58496	-4.0035	24.5467	
2.57602	-3.48163	24.5032	
2.47514	0.748544	24.003	
2.36918	1.93833	23.165	
2.56306	-2.15258	24.4755	
2.39498	1.9854	23.3071	
2.56605	-2.4718	24.3728	
2.49426	0.508909	24.0299	
2.61204	-8.47327	24.1146	
2.36643	2.09947	22.9648	
2.59319	-2.91675	24.4389	
2.56609	-2.05437	24.265	
2.41111	1.55637	23.258	
2.26826	3.38261	22.0966	
2.60642	-2.2649	24.5146	
2.40577	1.97314	23.1751	
2.25375	3.62825	21.9999	
2.60926	-6.62162	24.0222	
2.47174	1.07624	23.583	
2.63771	-7.30864	24.1215	
2.26943	3.79217	21.9387	
2.52481	0.702565	23.8728	
2.55507	0.570936	24.1015	
2.6669	-5.61827	24.4025	
2.63499	-1.97853	24.4962	
2.64826	-2.71931	24.5135	
2.64826	-2.71931	24.5135	
2.63732	-2.08944	24.4651	
2.63907	-0.315826	24.6746	
2.65441	-2.85358	24.5096	
2.43367	1.98917	23.084	
2.4846	1.37889	23.4056	
2.30777	3.36171	22.051	
2.38013	2.4789	22.606	
2.67863	-3.06214	24.6081	
2.68217	-3.96397	24.5125	
2.48827	1.58112	23.4094	
2.39968	2.55157	22.5909	
2.68803	-3.10811	24.4569	
2.68294	-1.91683	24.5165	
2.69618	-2.51122	24.5436	
2.68978	-2.50529	24.5005	
2.55146	0.990906	23.6786	
2.71708	-7.0279	24.1341	
2.35118	3.43053	22.1152	
2.69653	-3.44847	24.3399	
2.50481	1.93519	23.2616	
2.73179	-7.71252	24.1016	
2.6289	0.675116	24.033	
1.85791	5.45645	17.9006	
2.37861	3.59727	22.1336	
2.37861	3.59727	22.1336	
2.48864	2.12671	22.9398	
2.71835	-1.97703	24.3654	
2.77398	-8.08164	24.135	
2.74004	-2.70221	24.3874	
2.46491	2.49484	22.6334	
2.70168	0.11958	24.3041	
2.37382	3.87465	21.8491	
2.49132	2.48178	22.675	
2.41379	3.57649	22.098	
2.50517	2.44387	22.7406	
2.67622	0.760756	23.9681	
2.5019	2.45879	22.6625	
2.73996	-0.00747517	24.3508	
2.78062	-5.65919	24.0491	
2.43592	3.64818	22.1975	
2.74621	0.0282785	24.3916	
2.50106	2.55427	22.5915	
2.50668	2.64698	22.5521	
2.7827	-2.13062	24.3049	
2.77765	-4.83083	23.9423	
2.79648	-5.55215	24.0015	
2.58873	1.98331	23.1322	
2.73259	0.454475	24.1611	
2.8006	-5.08226	23.9995	
2.46554	3.56923	22.1847	
2.73763	0.562094	24.0864	
2.5409	2.63604	22.6835	
2.79559	-1.96627	24.1794	
2.41973	4.02057	21.727	
2.80747	-1.88381	24.238	
2.58003	2.35132	22.8358	
2.81957	-3.18138	24.1131	
2.90969	-7.84648	24.2985	
2.49458	3.54293	22.1598	
2.83403	-4.81944	23.9896	
2.73321	0.899301	23.7619	
2.90638	-6.86927	24.2356	
2.79062	0.511047	24.1422	
2.87646	-5.65649	24.0961	
2.57514	2.64565	22.5825	
2.91326	-6.38464	24.2701	
2.84835	-4.15083	24.0044	
2.85799	-5.16294	23.9396	
2.70144	1.7083	23.4106	
2.84791	-1.60968	24.1938	
2.68608	1.91452	23.3023	
2.84311	-1.90308	24.0676	
2.87677	-4.60967	24.0062	
2.87661	-4.99859	23.93	
2.50255	3.99563	21.9039	
2.86603	-3.39853	23.9442	
2.6004	2.64968	22.4818	
2.51737	3.76033	21.9412	
2.51572	3.82562	21.896	
2.68362	2.18965	23.0331	
2.68362	2.18965	23.0331	
2.87674	-0.830026	24.2014	
2.81683	0.771819	23.9117	
2.66671	2.31815	22.8701	
2.6707	2.32036	22.8952	
2.5071	3.84653	21.7522	
2.83939	0.747432	24.0322	
2.76064	1.78282	23.4796	
2.56755	3.69203	22.0233	
2.99911	-6.33174	24.2078	
2.91929	-4.39501	23.7702	
2.72282	2.29554	22.9811	
2.66045	2.74149	22.5166	
2.59975	3.60862	22.1292	
2.86761	0.723884	23.8433	
2.94133	-3.48834	23.8999	
2.94133	-3.48834	23.8999	
2.67489	2.65892	22.5828	
2.60752	3.669	22.134	
2.85113	0.961087	23.7103	
2.99404	-5.64206	23.9474	
2.75238	2.39451	22.9592	
2.63692	3.56407	22.1773	
3.02555	-5.75704	24.0425	
2.92188	0.753663	23.9643	
2.87644	1.18511	23.6453	
3.01836	-4.60779	24.0317	
3.0785	-6.70837	24.2665	
3.0785	-6.70837	24.2665	
2.79959	1.98183	23.1053	
2.81684	2.08306	23.2277	
3.0189	-4.76092	23.9448	
2.60829	3.98039	21.8439	
2.90196	0.928892	23.7158	
2.85809	1.58367	23.4115	
2.81285	2.25885	23.0511	
3.03679	-4.07714	23.9741	
2.82427	2.16136	23.1124	
2.82427	2.16136	23.1124	
3.084	-6.14641	24.0779	
3.04931	-4.68308	23.9599	
2.97765	0.646	24.0305	
2.98336	0.646846	24.066	
3.07496	-3.77905	24.1673	
2.6595	3.94305	21.8927	
2.69591	3.71815	22.1558	
3.01872	0.119591	24.164	
3.07666	-3.37978	24.1521	
3.07395	-3.37668	24.136	
3.0753	-4.55386	23.9802	
2.9697	0.979105	23.7977	
3.14634	-6.74002	24.173	
3.0983	-2.87689	24.2302	
2.89674	1.8108	23.2993	
3.09519	-3.86185	24.0719	
3.00713	0.670867	23.9592	
2.9045	1.96427	23.3274	
2.90404	1.74758	23.3089	
2.72688	3.64043	22.1878	
2.71032	3.71998	22.0075	
3.11784	-4.93246	23.9935	
3.21229	-6.6062	24.4004	
3.13093	-4.7992	23.9923	
3.13093	-4.7992	23.9923	
3.13093	-4.7992	23.9923	
3.15176	-5.38563	24.0604	
3.21428	-6.75062	24.3403	
3.11108	-4.21721	23.8839	
2.88265	2.53211	22.9931	
3.17749	-5.7699	24.1132	
2.80963	2.98794	22.4738	
2.77529	3.61998	22.25	
3.17537	-5.13791	24.1253	
3.20431	-6.31116	24.1535	
2.94434	2.12603	23.2858	
2.96309	1.89367	23.3499	
2.96309	1.89367	23.3499	
3.2269	-6.93595	24.1691	
3.23619	-6.44751	24.2424	
3.09635	0.700167	24.0708	
2.99071	1.68209	23.3347	
3.07735	0.93322	23.8614	
3.23855	-6.0982	24.136	
2.94748	2.36955	23.0414	
3.22414	-5.51697	24.0223	
3.23469	-5.96193	23.9731	
3.24866	-3.67983	24.3532	
2.99459	1.95897	23.2365	
3.21983	-4.42002	24.0309	
3.22088	-4.20708	24.0375	
3.20965	-3.37612	24.0521	
2.20865	5.39534	17.917	
2.90341	2.83812	22.5684	
2.22271	5.25768	17.9398	
2.89446	3.31645	22.5384	
2.79294	4.02371	21.8756	
3.22219	-3.46169	24.0278	
3.26972	-5.45078	24.0597	
3.05649	1.78665	23.4345	
3.28789	-6.06798	24.0704	
2.93178	2.79566	22.5833	
3.01762	1.91932	23.0195	
3.33267	-6.21653	24.1828	
3.28295	-2.19707	24.3385	
3.30905	-4.10058	24.2324	
3.33799	-2.75054	24.54	
3.13167	0.982361	23.501	
3.33856	-4.45202	24.2423	
3.33045	-4.18257	24.22	
2.87458	3.90101	22.0153	
3.35256	-5.75987	24.1315	
3.08582	1.94586	23.2104	
3.08582	1.94586	23.2104	
3.17086	0.926909	23.6699	
3.03787	2.69356	22.9575	
3.08372	1.72768	23.1261	
3.36828	-3.15922	24.4609	
3.35943	-3.15259	24.4097	
3.39235	-3.98101	24.5496	
3.07941	1.99997	23.1055	
3.13123	1.4419	23.3546	
2.94035	3.73521	22.3058	
2.98612	3.29251	22.5518	
3.44474	-6.93084	24.4091	
3.35689	-2.10511	24.4189	
3.16789	1.0757	23.4834	
2.91699	3.76656	22.08	
3.14234	1.39634	23.3278	
3.09928	2.17436	23.1022	
3.10617	2.13608	23.1126	
2.90688	3.878	21.9393	
3.41473	0.209917	24.929	
3.44098	-2.99024	24.7226	
3.18435	0.969377	23.4492	
3.09591	2.49525	23.0267	
3.44725	-3.71605	24.656	
2.92659	4.01902	22.0428	
2.92228	4.01367	22.0173	
3.13699	1.84092	23.2274	
3.15177	1.61586	23.2267	
3.4356	-2.33081	24.6131	
3.10114	2.52255	22.9223	
3.40237	-0.83621	24.5448	
3.14771	1.93044	23.1718	
-1.03491	1.21726	23.8846	
3.03255	2.8522	22.4491	
3.13767	2.1674	23.039	
3.39045	0.61094	24.463	
3.18483	1.79334	23.1798	
3.07173	2.83765	22.5701	
3.18209	1.8215	23.1155	
3.49997	-2.62795	24.702	
3.45755	-2.42669	24.316	
3.51577	-0.642122	24.9369	
2.34823	6.13781	17.9192	
3.48973	0.22778	24.8041	
3.54517	-2.77863	24.738	
3.17299	2.48937	22.9121	
3.54835	-5.87004	24.3121	
3.10256	2.89435	22.3797	
3.23622	1.82072	23.1075	
3.61948	-6.85914	24.4888	
3.20914	2.56637	22.9448	
3.55427	-4.84674	24.2006	
3.51497	0.458109	24.6136	
3.2303	2.24196	22.9177	
3.24206	2.20526	22.9769	
3.5921	-1.75491	24.7284	
3.57684	-1.74777	24.6451	
3.59543	-1.88912	24.699	
3.5978	-0.465836	24.9126	
3.13689	3.68925	22.3823	
3.2952	1.88418	23.1659	
3.62697	-6.23549	24.2689	
3.54326	0.554279	24.6169	
3.64384	-2.27342	24.7971	
3.67729	-2.76611	24.9205	
3.67729	-2.76611	24.9205	
3.28977	2.37485	23.0264	
3.28977	2.37485	23.0264	
3.67934	-3.8774	24.7225	
3.67934	-3.8774	24.7225	
3.37608	1.60584	23.3202	
3.22474	3.51474	22.6	
3.36954	1.78292	23.2638	
3.36954	1.78292	23.2638	
2.44926	5.95721	17.8504	
3.37925	1.70954	23.2547	
3.2255	2.9987	22.4015	
2.50381	6.50859	18.2159	
3.32631	2.54014	22.857	
2.48933	5.44799	17.8945	
3.69177	-2.04755	24.5063	
3.73305	-2.69492	24.6862	
3.48273	1.13516	23.5808	
3.48273	1.13516	23.5808	
3.74492	-1.27931	24.8977	
3.42399	1.72229	23.2334	
3.35355	2.18104	22.8118	
3.73722	0.0961018	24.9632	
2.52159	6.30277	18.0793	
2.52159	6.30277	18.0793	
2.52159	6.30277	18.0793	
3.74679	-1.94977	24.6922	
3.76552	-2.55319	24.7156	
3.77198	-0.337051	25.014	
3.36713	2.53075	22.8503	
3.70929	0.453866	24.7158	
3.46066	1.52745	23.234	
3.75269	-1.75347	24.6188	
3.16885	4.07788	21.6944	
3.51237	1.71408	23.4955	
3.84909	-6.76927	24.4214	
3.84909	-6.76927	24.4214	
3.81527	-0.797551	24.9714	
3.3409	2.9731	22.5193	
3.34546	3.26825	22.5744	
3.48437	1.89689	23.204	
3.54696	1.0714	23.4036	
3.84352	-1.78192	24.7959	
2.55768	5.68286	17.8121	
3.81226	0.373502	24.8063	
3.8274	0.0115138	24.8521	
3.82207	0.0109729	24.8236	
3.86686	-1.25954	24.9482	
3.50133	1.46647	23.0323	
3.82669	-0.214218	24.7577	
3.90297	-2.95176	24.8072	
3.91184	-2.48881	24.8581	
3.5721	1.57252	23.2356	
3.96784	-6.85765	24.4709	
3.92077	-1.36161	24.8575	
3.91515	-0.969954	24.9014	
3.51489	2.51053	22.8356	
4.05202	-7.09974	24.6335	
3.85671	0.0706245	24.442	
3.5243	2.74317	22.8096	
3.60887	1.28888	23.0558	
3.93969	0.083406	24.7788	
3.91517	0.498805	24.7121	
3.62465	1.36092	23.0713	
3.79393	0.818124	23.9961	
3.9473	-2.25451	24.481	
4.00195	-1.78983	24.8416	
2.6662	5.41459	17.8786	
3.99868	-2.7842	24.6646	
2.67777	5.2511	17.8976	
4.03901	-3.27597	24.8163	
4.01473	-0.811092	24.8809	
4.11144	-2.71877	25.0819	
3.65025	2.03792	23.0116	
3.61563	2.47446	22.8742	
4.07119	-2.51325	24.8284	
4.04765	-0.347808	24.962	
3.61559	2.36562	22.7948	
4.03118	-2.0721	24.6066	
3.56172	2.97805	22.5401	
3.78214	1.20779	23.5407	
2.70012	6.12688	17.9133	
4.00263	-2.69747	24.2264	
3.65462	2.27503	22.8289	
3.8302	1.79258	23.6901	
3.9582	0.822213	24.2449	
3.9582	0.822213	24.2449	
4.05999	0.209553	24.7413	
3.70729	2.28989	22.9533	
2.79586	6.6451	18.2846	
3.71166	2.25143	22.9331	
4.12155	-0.634038	24.8607	
4.13313	-3.41163	24.5463	
4.13313	-3.41163	24.5463	
3.56342	3.80211	22.2338	
3.7091	2.36094	22.8102	
4.04841	0.638514	24.4951	
4.40036	-4.01853	25.8357	
4.14694	-0.891248	24.8249	
3.80157	2.19059	23.0929	
3.75951	2.4554	22.8546	
4.14811	0.337231	24.6952	
2.84597	6.49549	18.1952	
3.68119	3.0715	22.3961	
4.22668	-0.59125	24.8555	
3.75689	2.77982	22.678	
4.08097	0.779458	24.1183	
4.08196	0.779594	24.123	
3.77555	2.91601	22.6731	
3.77971	2.91906	22.6934	
3.74278	3.0039	22.463	
3.83152	2.44601	22.8715	
4.06993	1.08876	23.9808	
3.85071	2.41449	22.9115	
3.68022	3.67335	22.1558	
3.86391	2.47547	22.9415	
4.02807	1.67648	23.6537	
4.12562	1.05317	24.0116	
4.12562	1.05317	24.0116	
4.14928	0.925092	24.095	
4.14928	0.925092	24.095	
3.81769	2.84471	22.5484	
3.88713	2.41706	22.8511	
4.3472	-1.277	24.8339	
3.88733	2.45631	22.8714	
3.9035	2.5019	22.922	
2.9094	6.16063	17.9943	
2.9094	6.16063	17.9943	
3.93208	2.5589	23.0124	
3.84159	3.01909	22.5867	
3.82512	3.16641	22.4696	
4.17931	1.00397	24.0296	
3.86525	2.90819	22.5317	
2.92491	5.8033	17.8608	
2.99546	6.9025	18.4157	
3.95428	2.67924	22.8701	
3.89846	3.04783	22.5907	
4.19534	0.948413	23.866	
3.98832	2.40096	22.9587	
3.91315	2.95362	22.5913	
4.61358	-6.93846	24.8447	
3.94318	2.82074	22.6365	
3.93185	3.00499	22.5361	
3.98226	2.73882	22.7066	
3.04897	6.64837	18.295	
4.22664	1.5068	23.5806	
4.22391	1.5021	23.5646	
4.21451	2.00645	23.5717	
4.52638	-3.2545	24.3718	
4.38727	0.437823	24.1335	
4.48151	-1.66717	24.264	
4.54415	-3.43049	24.318	
3.1136	6.85656	18.4087	
4.58554	-5.46486	24.1613	
3.09786	6.37904	18.1514	
4.33392	0.824262	23.7257	
4.33951	0.82293	23.7476	
4.52424	-3.25664	24.0912	
4.16376	2.68527	23.0114	
4.61564	-4.50214	24.0351	
3.12425	6.13713	18.0089	
4.40612	0.922234	23.7404	
4.61847	-4.75063	23.8932	
4.49327	0.779363	24.066	
3.13952	5.44201	17.9171	
4.21834	3.24736	22.9523	
4.51797	0.66698	24.0395	
4.46287	0.946307	23.7223	
3.16882	5.69132	17.9216	
4.44669	1.13526	23.5749	
4.71232	-3.81918	24.1619	
4.59499	0.631319	24.1976	
3.19634	5.88541	17.9752	
4.73456	-3.71242	24.0972	
4.41242	2.13389	23.3529	
4.63154	0.275534	24.1482	
4.63154	0.275534	24.1482	
4.69065	-3.29916	23.834	
4.36731	2.31354	23.0506	
4.36731	2.31354	23.0506	
4.4073	2.61627	23.2252	
4.07475	3.84195	21.7724	
4.58607	0.931637	23.8454	
4.4825	2.105	23.4404	
4.81518	-4.48979	24.0522	
4.66769	0.561604	24.0634	
3.27033	6.04775	18.0347	
4.61961	1.62753	23.8738	
4.61961	1.62753	23.8738	
4.9089	-3.77603	24.4707	
4.92167	-6.29212	24.0943	
3.35483	6.68903	18.4909	
3.35483	6.68903	18.4909	
3.30352	5.69264	17.967	
4.71044	1.41402	24.0377	
5.15926	-6.80902	24.7406	
5.00816	-1.00439	24.816	
4.53862	2.62968	23.1218	
3.37015	5.39898	17.9952	
3.69559	5.11239	19.4787	
4.99656	-5.44257	23.9538	
4.8476	0.534699	24.1997	
4.8601	-4.76277	23.3592	
5.13117	-1.9551	25.055	
4.5808	2.45534	23.0514	
3.43837	6.70988	18.3261	
4.67338	2.18493	23.3442	
4.62541	2.55348	23.1072	
4.79134	1.7609	23.6424	
5.27877	-2.63371	25.1648	
5.07684	0.668997	24.7336	
4.63348	3.49972	23.0966	
5.30253	-2.88365	25.1653	
5.30232	-2.88394	25.1642	
5.19817	0.0256667	25.0994	
5.19817	0.0256667	25.0994	
3.49169	6.14605	18.1863	
5.28443	-0.123815	25.3594	
5.32379	-1.89479	25.1096	
5.27208	0.482668	25.2245	
4.84817	2.20039	23.5321	
5.37174	-2.73912	25.1504	
5.21192	1.3555	24.9724	
4.47129	3.80303	21.9738	
5.37654	-2.65129	25.0488	
4.92066	2.24359	23.7198	
5.44273	-1.92909	25.3328	
5.36968	-0.456328	25.1952	
5.36968	-0.456328	25.1952	
4.82495	2.3787	23.1751	
5.38262	-0.711983	25.188	
5.43911	-1.82818	25.2524	
5.41031	-0.95529	25.2096	
5.40925	-0.955182	25.2053	
5.41031	-0.95529	25.2096	
5.41611	-1.04882	25.2015	
4.83791	2.47791	23.1591	
3.56563	5.53442	17.9736	
3.56896	5.53965	17.9874	
5.48244	-2.65899	25.2174	
5.38462	-0.16983	25.1016	
5.51054	-2.96349	25.2279	
5.33019	0.601365	24.964	
5.87094	-6.13528	26.012	
5.54383	-2.58461	25.1679	
5.46905	-0.264727	25.1537	
5.49868	0.0805207	25.325	
5.49868	0.0805207	25.325	
4.93693	2.56136	23.2511	
4.62619	3.80333	22.0735	
5.45996	-0.375558	25.0702	
5.45996	-0.375558	25.0702	
5.05911	2.37249	23.7362	
5.39299	1.47775	25.0256	
5.58947	-2.29885	25.3059	
5.58947	-2.29885	25.3059	
5.40147	0.590072	24.8982	
5.51731	-1.01616	25.0898	
5.52163	-0.855538	25.1301	
4.94419	2.82547	23.1863	
5.5175	-0.610633	25.1273	
5.5175	-0.610633	25.1273	
5.54424	-1.41666	25.1129	
5.57258	-1.21447	25.1741	
5.62364	-2.63904	25.1511	
5.64102	-2.8718	25.1622	
5.4742	0.72389	24.9805	
5.51805	-0.163483	25.0456	
5.66496	-3.37788	25.1657	
5.63938	-1.62494	25.3189	
5.65526	-3.08287	25.1246	
5.18588	2.13758	23.8914	
5.71276	-3.62296	25.2617	
0.238938	-0.65124	5.58506	
5.6699	-2.72819	25.1524	
5.6699	-2.72819	25.1524	
5.48746	0.600829	24.8864	
5.67266	-2.52839	25.187	
5.52635	-1.53631	24.6582	
5.25451	1.877	23.995	
5.59707	-0.0503592	25.0258	
5.66145	-1.05345	25.1779	
5.66145	-1.05345	25.1779	
3.73843	5.77956	18.05	
5.66075	-0.726569	25.145	
5.29616	2.26658	24.0455	
5.29616	2.26658	24.0455	
5.74352	-2.65528	25.1753	
5.71271	-0.957305	25.2395	
5.75493	-3.07248	25.0777	
5.56736	1.32681	24.956	
3.80769	5.59876	18.177	
5.76993	-1.8416	25.272	
5.57625	1.02282	24.9057	
5.81123	-3.2665	25.1984	
5.60509	0.598252	24.9209	
5.81503	-2.95952	25.1916	
5.16429	2.6369	23.3161	
5.81155	-2.59558	25.1685	
5.0453	3.19977	22.7999	
5.75144	0.199251	25.2262	
5.76833	-0.149742	25.1728	
5.78569	-0.598958	25.1668	
5.81137	-0.833301	25.1806	
5.81137	-0.833301	25.1806	
3.85794	5.39844	18.0587	
5.78654	-0.444569	25.1197	
5.77544	0.0408633	25.1177	
5.90379	-2.42603	25.24	
5.47324	2.10878	24.1521	
5.92559	-3.12002	25.1871	
5.92058	-2.84075	25.1866	
5.4328	2.08133	23.9485	
5.4328	2.08133	23.9485	
3.8554	6.18251	18.0803	
5.91508	-1.75026	25.2119	
5.73054	1.43166	24.9379	
5.72403	1.42936	24.9132	
5.19366	3.03911	22.9727	
6.03762	-4.03664	25.2491	
5.95919	-1.52107	25.2825	
5.57877	2.08864	24.2957	
5.99282	-1.89918	25.3523	
5.81389	0.963496	25.0494	
6.01389	-2.21764	25.2448	
5.93578	-0.307023	25.1826	
5.96147	-0.581167	25.2	
5.8443	1.37454	24.8005	
5.97342	0.239394	24.9744	
5.85742	1.57709	24.6171	
5.87745	1.5816	24.6883	
3.86483	5.94986	17.3975	
5.92805	1.01321	24.6701	
6.00623	1.16256	24.863	
6.13655	0.550304	25.0348	
6.13655	0.550304	25.0348	
6.29564	-1.88561	25.2098	
4.12163	5.39566	17.9824	
5.91842	1.87647	24.2124	
4.20818	6.58035	18.3892	
6.18235	0.581191	24.8886	
6.14305	1.03025	24.7437	
6.50561	-4.27894	25.235	
6.14739	1.30727	24.7283	
6.53921	-2.87226	25.2185	
6.07343	2.03872	24.2646	
6.07343	2.03872	24.2646	
6.4166	-2.82855	24.7616	
6.4166	-2.82855	24.7616	
6.53671	-1.8293	25.2432	
4.29107	5.95546	18.0674	
4.29107	5.95546	18.0674	
4.31505	5.34813	18.0607	
6.27665	1.40794	24.5624	
6.62522	-2.5694	25.1768	
6.36358	0.70764	24.6744	
6.36358	0.70764	24.6744	
6.43173	0.522126	24.8699	
6.53723	-0.405073	25.1071	
6.6832	-1.90532	25.3777	
4.34526	5.76497	18.0591	
6.53553	0.0808446	25.1361	
6.59339	-0.85082	25.1561	
6.69899	-2.65362	25.1901	
6.60789	-0.613257	25.1816	
6.60789	-0.613257	25.1816	
6.47947	0.914939	24.9466	
6.71555	-3.04718	25.1524	
6.28307	1.59728	24.3283	
6.70668	-1.79856	25.266	
6.76237	-3.42091	25.1885	
6.74657	-3.41241	25.1384	
6.73997	-2.75147	25.2167	
6.72459	-2.45449	25.1411	
6.66765	-0.253837	25.2624	
6.66765	-0.253837	25.2624	
6.77913	-2.90793	25.1855	
6.77913	-2.90793	25.1855	
6.69814	-0.729545	25.1768	
6.69338	-0.487843	25.1897	
6.69338	-0.487843	25.1897	
6.82366	-3.2152	25.192	
6.73447	-0.949608	25.2225	
6.83393	-1.90078	25.3738	
4.42999	5.82323	18.0229	
6.75956	-1.0347	25.2099	
6.706	-0.0437334	25.1656	
4.49458	5.38118	18.0926	
6.87916	-1.78181	25.3406	
6.86937	-2.22689	25.1954	
6.91172	-2.79979	25.247	
6.91843	-2.80092	25.2689	
6.79365	0.125003	25.2509	
6.78522	0.123927	25.2233	
6.79974	-0.60428	25.1395	
6.82807	-0.850564	25.1971	
4.07746	-2.01264	14.3571	
6.83174	-1.37023	25.0833	
6.92773	-3.04285	25.1188	
6.92773	-3.04285	25.1188	
6.93384	-3.04545	25.1379	
6.68921	1.27138	24.9749	
6.92398	-1.18643	25.334	
6.36494	2.28454	23.9469	
6.81466	0.354875	25.1863	
6.55366	1.65943	24.4468	
6.87162	-0.051901	25.2503	
6.76399	0.959044	24.9876	
7.07826	-3.54567	25.3533	
7.0355	-1.89264	25.4315	
6.91793	-0.731377	25.1546	
6.91793	-0.731377	25.1546	
6.92261	-0.477348	25.2004	
7.06726	-2.89831	25.2504	
6.98363	-0.930695	25.212	
6.98363	-0.930695	25.212	
7.10493	-3.19928	25.2449	
7.10493	-3.19928	25.2449	
7.10493	-3.19928	25.2449	
4.62462	5.63229	18.1246	
6.39691	2.78145	23.7464	
6.42671	2.55255	23.6852	
4.65604	5.91896	18.1012	
7.21681	-3.57502	25.2531	
4.68591	5.4081	18.1016	
7.02064	0.54283	25.2549	
7.02064	0.54283	25.2549	
7.04871	-0.394351	25.1804	
7.066	-0.618516	25.1927	
7.05835	0.0115798	25.267	
7.05835	0.0115798	25.267	
7.17732	-1.9925	25.3394	
7.22261	-3.06071	25.3093	
7.23728	-3.39763	25.2697	
7.09629	-0.806406	25.2126	
7.17101	-1.61014	25.3249	
7.27066	-2.1984	25.318	
6.84156	2.13854	24.5526	
4.78582	5.23172	18.1568	
4.77094	5.75144	18.1485	
4.80869	6.27966	18.2842	
6.47993	3.53154	23.2014	
7.17353	0.718878	24.8709	
4.96529	6.84815	18.5882	
7.26106	0.525908	25.0071	
6.62798	2.90368	23.3069	
6.81831	2.81977	23.8952	
7.20338	0.716587	24.6695	
7.16121	1.25499	24.5234	
7.70476	-3.69515	25.3199	
7.77493	-4.20874	25.2901	
7.78403	-2.40453	25.2989	
7.82137	-2.64172	25.3344	
7.92382	-3.5584	25.3735	
7.91959	-1.87042	25.4068	
7.45614	1.19546	24.4109	
7.83479	-0.592824	25.2384	
7.92294	-1.5664	25.3412	
8.01303	-3.03632	25.317	
7.31932	2.05762	24.0203	
8.04389	-3.37755	25.276	
5.32605	6.60229	18.553	
8.052	-2.41582	25.3097	
7.94357	-0.722413	25.2461	
7.96604	-0.971726	25.2561	
7.96215	-0.465265	25.3034	
7.95545	-0.463705	25.2855	
8.13073	-3.18204	25.3337	
7.90247	0.327118	25.1977	
8.03213	-0.603824	25.2452	
6.91876	3.40659	22.5644	
7.64515	2.09898	24.4997	
7.63629	0.93568	24.2636	
7.03166	3.09055	22.7842	
8.21913	-2.76061	25.3104	
7.05084	2.96124	22.7539	
8.05216	-1.03418	25.063	
5.75986	4.66517	19.1808	
8.0902	0.12809	25.3417	
8.24687	-3.02126	25.2667	
8.24687	-3.02126	25.2667	
8.27066	-3.25702	25.2172	
8.31393	-1.86939	25.5124	
7.09053	3.03016	22.656	
8.39203	-3.49675	25.3789	
8.3779	-2.88152	25.3058	
8.43013	-3.31048	25.3735	
8.07416	-0.252386	24.8434	
7.92779	0.751747	24.5215	
7.76976	2.35923	24.1979	
7.76976	2.35923	24.1979	
8.47242	-2.40196	25.3285	
8.53438	-2.77425	25.3274	
8.53757	-2.77449	25.336	
8.36385	-0.785431	24.9928	
8.60718	-2.15168	25.3513	
5.75043	6.42474	18.624	
8.21528	-0.00322081	24.36	
8.31016	-0.426783	24.511	
6.87838	3.64155	21.1693	
7.22218	3.36535	22.0622	
8.18522	1.20339	24.2552	
8.52712	-0.766439	24.8512	
8.58808	-0.639775	24.7313	
7.13251	3.60509	21.4493	
9.05183	-4.51747	25.2737	
9.05183	-4.51747	25.2737	
7.22434	3.445	21.548	
7.02577	3.834	21.0387	
6.29518	5.39358	19.3101	
6.41029	5.08641	19.42	
6.41029	5.08641	19.42	
7.1293	3.82881	21.1208	
7.49462	3.3609	22.0234	
8.11333	2.70653	23.5541	
8.35487	1.47939	23.9595	
8.40845	1.19778	23.9933	
6.12777	5.8829	18.6837	
8.12739	2.76195	23.4737	
7.11059	3.91821	20.9429	
7.55676	3.5016	22.0191	
6.80398	4.50162	20.0777	
9.31463	-1.26082	25.617	
7.35082	3.87386	21.3158	
8.37876	2.11614	23.6575	
7.47022	3.71348	21.5267	
7.08666	4.10809	20.5692	
7.7529	3.64248	22.0923	
8.65279	1.32253	23.9847	
8.65279	1.32253	23.9847	
8.65279	1.32253	23.9847	
8.29547	2.94131	23.325	
7.6156	3.97734	21.6704	
7.67518	3.74272	21.7831	
8.75696	1.3806	23.8729	
8.75696	1.3806	23.8729	
8.53687	2.72959	23.4428	
9.10154	1.1288	24.5069	
9.10154	1.1288	24.5069	
9.02608	0.414627	24.0801	
8.62171	2.88387	23.4712	
7.03649	5.26794	19.7458	
7.14243	5.72528	20.0612	
8.00712	3.80465	21.7084	
9.53671	1.14988	24.8505	
7.69062	4.83229	20.9362	
8.1031	4.30737	21.8425	
9.58318	0.905183	24.8169	
9.06874	1.81018	23.696	
7.80653	4.41066	21.0701	
9.04149	2.64423	23.6563	
8.46006	3.8247	22.1396	
8.90954	3.11316	23.016	
9.97922	1.49959	25.1946	
8.05962	4.97038	21.1595	
8.43758	4.57419	21.9249	
8.62679	3.65207	22.1062	
8.34865	5.76041	21.694	
8.52307	4.57982	21.7686	
8.52307	4.57982	21.7686	
9.78843	2.60232	23.9165	
9.01982	5.71938	22.1118	
8.9618	5.82474	21.965	
9.09421	5.7814	22.1181	
9.2027	5.72392	21.9157	
9.35578	5.60879	22.0166	
9.44538	4.66722	21.9717	
9.484	4.48557	21.7726	
9.47821	4.90007	21.7992	
9.67328	4.61571	21.9737	
-74.523	-56.7591	99.6819	
-9.08374	-2.91586	21.5165	
-6.19347	3.89192	22.2776	
-5.57924	5.49137	22.0781	
-5.55022	5.5616	22.0714	
-6.10218	0.425275	23.6145	
-5.283	3.80305	22.0157	
-6.00163	2.39224	24.2566	
-5.89421	2.62628	24.1359	
-4.7056	5.81345	21.0068	
-5.04781	3.31103	22.2426	
-4.61788	5.13573	21.1514	
-4.64865	4.60855	21.2751	
-5.65997	1.42964	24.3748	
-5.03745	3.08486	22.7795	
-4.63069	3.20787	22.4474	
-5.11912	2.1363	24.2534	
-5.38496	-0.533451	24.7963	
-5.61004	-3.70517	24.9765	
-5.49736	-4.90116	24.3557	
-3.99326	3.91989	21.0562	
-4.01269	3.82505	21.2662	
-3.96099	3.8298	21.1033	
-4.8474	-0.435501	24.1453	
-3.46831	5.44755	19.7665	
-4.94651	-0.430272	24.6543	
-3.43222	5.26104	19.7119	
-5.252	-2.40725	25.6317	
-3.39149	5.17506	19.7162	
-4.01135	3.35615	22.0435	
-4.01135	3.35615	22.0435	
-3.46467	4.39472	19.9796	
-3.36862	5.08411	19.8136	
-5.07911	-3.52285	25.1948	
-4.44384	2.51398	24.1402	
-4.97838	-1.86934	25.5902	
-3.87318	3.34496	21.9684	
-5.51229	-4.6877	27.4558	
-4.1651	3.04157	23.4599	
-4.86568	-3.36307	25.15	
-1.38339	-0.692207	9.81437	
-4.36431	0.0259985	24.6821	
-3.64851	3.24471	22.245	
-4.51387	-1.2665	25.5138	
-4.51387	-1.2665	25.5138	
-4.5383	-3.29282	25.1298	
-4.49816	-1.75451	25.3787	
-4.12143	1.06526	24.6191	
-3.56579	3.33349	22.554	
-4.34125	-3.10237	25.2029	
-2.89948	4.27018	19.9289	
-4.30382	-2.68527	25.2305	
-4.15725	-0.180341	25.2107	
-3.36606	3.58033	22.2544	
-3.87176	2.35928	24.5759	
-2.66683	4.7438	19.215	
-4.18634	-4.36851	24.9283	
-4.18634	-4.36851	24.9283	
-3.93125	0.474526	24.8669	
-2.56815	4.84875	19.0654	
-3.91912	-0.354341	25.3858	
-3.00714	3.7268	21.7845	
-5.25669	9.83072	37.5659	
-3.89698	-3.88843	26.3003	
-3.55319	-0.6448	25.5297	
-2.80601	3.36946	22.5328	
-3.48784	-3.89302	25.6419	
-3.48784	-3.89302	25.6419	
-3.31479	-2.09405	25.5122	
-3.21925	-0.555733	25.3906	
-1.36766	-1.93342	12.9632	
-3.13163	0.586899	25.5687	
-3.10739	-1.11522	25.3731	
-3.16371	-3.64477	25.251	
-2.53995	3.05369	22.9929	
-2.40557	3.4426	22.2978	
-2.40557	3.4426	22.2978	
-2.40946	3.06521	22.7285	
-1.63972	5.27737	18.1381	
-2.92133	-0.299783	25.6065	
-2.86294	-2.68131	25.2152	
-2.67353	1.55241	25.1224	
-2.677	1.4222	25.1507	
-2.63441	0.629449	24.6335	
-2.63441	0.629449	24.6335	
-2.64783	1.15953	25.0471	
-2.77341	-0.88806	25.4537	
-2.83487	-4.62996	25.166	
-2.06642	3.47679	22.1957	
-2.64005	-0.467015	25.5771	
-2.11582	3.05358	22.8401	
-1.99604	3.59727	22.1328	
-2.38537	1.24437	24.7871	
-2.00356	3.18223	22.3956	
-2.37855	1.46543	24.8989	
-2.49511	-0.23808	25.4375	
-2.49511	-0.23808	25.4375	
-1.88132	3.67878	21.8017	
-2.13531	2.82287	23.6089	
-1.94308	3.22543	22.6519	
-1.9961	2.99729	23.1694	
-2.31032	-0.100136	24.9626	
-1.82549	3.53902	22.1087	
-2.14682	2.20893	24.655	
-1.75699	3.73954	21.9936	
-1.86317	3.19463	22.7576	
-2.12017	1.7909	24.8525	
-1.98922	2.58813	24.3415	
-1.58186	4.05866	21.7305	
-1.96251	2.39806	24.7169	
-2.11314	-0.569183	25.3983	
-2.13795	-3.63414	24.9273	
-2.07113	-3.26683	24.8934	
-2.01868	-0.922239	25.4434	
-1.99586	0.15806	25.752	
-1.93297	-3.14974	25.2169	
-1.87131	-0.067366	25.6273	
-1.84996	-0.576109	25.3582	
-1.348	3.94511	22.3286	
-1.72133	0.840111	25.1845	
-1.19407	4.32276	21.0656	
-1.44538	3.54531	23.3953	
-1.86143	-4.05373	25.3148	
-1.75518	-0.916955	25.3292	
-1.17537	4.08986	21.9619	
-0.722936	5.80235	17.7126	
-0.722936	5.80235	17.7126	
-1.65956	-3.32123	25.0728	
-1.57435	-1.33152	25.3099	
-1.51832	-5.38111	24.0156	
-0.93933	4.23521	21.4028	
-1.38488	-2.38101	24.8553	
-0.225628	-1.70641	10.3004	
-0.986183	3.94082	22.1479	
-0.985996	4.00871	22.2172	
-0.948504	3.97431	22.2247	
-0.908439	3.96736	22.3769	
-1.14316	1.01546	24.4666	
-1.04967	1.73126	23.9588	
-0.90153	1.6324	21.9733	
-1.29027	-6.67237	24.2322	
-0.805784	3.95473	21.8006	
-0.805784	3.95473	21.8006	
-0.771291	4.19252	21.5402	
-0.947817	1.66738	23.8166	
-0.927235	1.48629	24.0874	
-0.89766	1.405	24.0179	
-0.894076	1.40156	23.9541	
-0.641465	4.05166	21.6613	
-0.635808	4.19846	21.7587	
-0.820683	0.659335	23.9064	
0.141169	0.493671	7.76385	
-0.771329	1.3099	23.967	
-0.554295	4.08624	21.5775	
-0.741231	1.50064	23.6678	
-0.875422	-4.25339	24.2134	
-0.590118	2.63014	22.4937	
-0.661117	0.325553	24.2125	
-0.43958	3.92925	21.9577	
-0.715154	-1.08238	24.9039	
-0.483669	3.36409	22.7743	
-0.428649	3.72671	22.1563	
-0.39397	3.22438	22.5992	
-0.672607	-6.98727	24.3866	
-0.447581	0.604976	24.4064	
-0.268036	3.85349	22.0829	
-0.536298	-3.0864	24.8503	
-0.265162	3.50866	22.2202	
-0.23676	3.83625	22.0401	
-0.367404	0.831345	24.0845	
-0.412934	0.147628	25.135	
-0.340974	1.22884	23.9728	
-0.346474	0.983056	24.0625	
-0.448713	-2.98935	24.7133	
-0.322713	0.817538	24.0328	
-0.448471	-6.16312	23.7659	
-0.304452	1.28032	23.9495	
-0.181073	3.61339	22.2211	
-0.403948	-2.6203	24.7882	
-0.403948	-2.6203	24.7882	
-0.160369	3.70923	22.0051	
-0.304026	0.793461	24.2556	
-0.407713	-3.29857	24.8666	
-0.133898	3.47506	22.205	
-0.349737	-2.42932	24.7697	
-0.347255	-4.186	24.4669	
-0.131865	2.4575	22.9293	
-0.281276	-2.58285	24.8716	
-0.10786	2.71802	22.9043	
-0.158	0.857353	23.7166	
-0.223071	-0.546332	24.951	
-0.106974	2.10259	23.1812	
-0.0509489	3.18903	22.2149	
-0.0763779	2.72051	22.9133	
-0.0686886	2.608	22.752	
-0.115194	1.09522	23.3968	
-0.224636	-2.42458	24.8948	
0.00579271	4.00078	21.6909	
-0.0645905	2.57658	23.0004	
-0.0368455	2.02862	23.1698	
0.0292609	3.25281	22.2324	
-0.0149249	2.00401	23.1509	
-0.00715552	1.24692	23.3271	
0.0601223	3.04436	22.1891	
0.00280339	1.54855	23.4735	
-0.0909178	-1.92475	24.7757	
0.0552435	2.7148	22.9701	
0.0922461	2.79458	22.4036	
0.0922461	2.79458	22.4036	
0.0733743	2.53148	23.0222	
0.0505272	1.62995	23.4797	
0.13732	4.03674	21.9595	
0.0909707	2.50812	23.0496	
0.124368	2.76291	22.7411	
0.115368	2.70001	23.1406	
0.134204	2.76744	23.0121	
0.102503	1.30255	23.3358	
0.122588	1.75963	23.0432	
0.136214	1.95974	22.906	
0.0632543	-2.87552	24.8	
0.123552	-0.945383	25.0194	
0.244061	2.36213	22.9055	
0.158953	-1.85132	24.7677	
0.255103	0.663882	23.1548	
0.264101	1.21198	23.1914	
0.276921	1.7046	23.0115	
0.27825	1.65876	23.1837	
0.193449	-2.26237	24.9915	
0.325999	2.96212	22.271	
0.320859	2.61816	22.8617	
0.296876	0.904577	23.4329	
0.333339	2.45902	22.7208	
0.366196	3.86746	22.0106	
0.366196	3.86746	22.0106	
0.362512	3.66185	22.0623	
0.350543	3.13082	22.4407	
0.341833	2.24264	22.5077	
0.314335	1.11784	23.2224	
0.194145	-7.24057	23.584	
0.401239	3.84864	21.9289	
0.425242	3.71159	21.9986	
0.445407	3.65169	21.9964	
0.266586	-7.39818	24.7387	
0.426903	2.28753	22.7949	
0.418046	1.11972	23.2292	
0.472226	3.18379	22.4879	
0.507712	3.79482	22.1635	
0.511997	3.64702	22.006	
0.399359	-3.56615	24.2134	
0.495184	2.18988	22.9973	
0.488272	1.56762	23.1007	
0.469908	0.515276	24.4403	
0.512897	2.63808	22.6715	
0.510938	2.26875	22.9796	
0.528976	-0.122273	24.3199	
0.560148	0.952996	23.1849	
0.585209	2.28727	22.9154	
0.598781	1.00584	23.128	
0.646621	3.95669	22.0135	
0.640982	2.7985	22.6896	
0.640288	1.62344	22.9872	
0.657653	2.44328	22.5701	
0.565221	-5.3128	23.9841	
0.666479	1.57054	22.8615	
2.33722	-4.68042	33.9819	
0.69103	3.43863	22.414	
0.675064	0.810882	23.1027	
0.724399	3.5994	22.326	
0.744075	3.37759	22.6209	
0.745073	2.75532	22.7899	
0.75607	3.99041	21.9719	
0.755324	3.48148	22.6418	
0.749236	2.71587	22.6961	
0.783475	2.71421	22.7331	
0.797504	2.20787	22.9403	
0.717745	-5.84765	23.7039	
0.808376	2.09905	22.8468	
0.818114	2.46998	22.4501	
0.839521	3.71898	22.4313	
0.854836	0.351831	24.2844	
0.88012	3.63775	22.5035	
0.785182	-7.97456	24.8409	
0.880827	3.95609	22.1655	
0.912044	3.69142	22.3569	
0.910801	0.742901	24.0187	
0.862347	-4.25488	24.0513	
0.91326	2.39249	22.5943	
0.843868	-6.81328	24.0516	
0.839478	-8.08498	24.1325	
0.92717	0.970617	23.1789	
0.863014	-6.88589	23.8601	
0.89821	-4.09699	24.0778	
0.913505	-3.45485	24.4069	
0.950094	2.35122	22.5777	
0.961393	-0.763509	24.5035	
0.970966	-0.238268	24.4518	
0.985585	0.68504	24.0518	
0.992875	-0.61348	24.5059	
0.950857	6.11042	17.7481	
0.944942	5.48285	17.8066	
0.997976	2.34117	22.5672	
0.989526	-2.61471	24.4772	
1.01252	1.78594	23.2811	
0.960624	-6.02927	24.0243	
1.01907	-1.26476	24.5949	
1.02887	3.64648	22.3541	
1.05232	3.65418	22.3344	
1.03295	-3.12322	24.2687	
0.995757	-8.05817	24.1253	
1.00687	5.92094	17.8345	
1.0911	3.67433	22.371	
1.0927	3.59661	22.3036	
1.08015	-4.2737	24.273	
1.08015	-4.2737	24.273	
1.07901	-5.73419	24.1481	
1.12148	3.49562	22.4866	
1.15609	-1.94507	25.0065	
1.1189	-4.29388	24.1099	
1.16758	-0.0369206	24.731	
1.16403	-1.53332	25.0128	
1.15605	2.12817	22.8125	
1.14635	-7.82604	23.877	
1.2055	1.79824	22.9108	
1.21757	3.44842	22.4591	
1.22706	-4.21622	24.1159	
1.27868	0.694525	24.1077	
1.2649	1.07575	23.4963	
1.26086	3.62638	22.1282	
1.31103	1.09049	23.5966	
1.31642	0.98512	23.6099	
1.33239	-3.34708	24.5358	
1.31815	3.17415	22.3673	
1.35602	3.34644	22.2419	
1.37044	2.53144	22.6167	
1.35519	3.98196	21.934	
1.40427	0.963003	23.7506	
1.36655	3.55706	22.2042	
1.43715	-4.7666	25.225	
1.2439	6.25275	17.8757	
1.3816	3.77512	21.9427	
1.39573	-7.04877	23.9608	
1.43149	-4.10461	24.4761	
1.47081	-0.24471	24.9091	
1.4497	1.01321	24.0275	
1.42333	2.14433	22.8749	
1.44056	2.17382	22.8069	
1.2729	5.27951	17.7863	
1.42621	3.80343	21.982	
1.53261	-2.82666	25.215	
1.50465	-4.75008	24.6434	
1.47689	2.58009	22.7072	
1.47026	3.42664	22.4079	
1.4792	-7.30655	23.8927	
1.47561	3.57899	22.3134	
1.53772	-4.04861	24.6023	
1.54384	-3.30628	24.5302	
1.5694	-3.12352	24.4911	
1.50722	3.4762	22.2305	
1.56083	1.27664	23.6181	
1.55049	1.73288	23.2591	
1.56896	-7.34801	24.1554	
1.55964	-8.06588	23.9721	
1.56384	1.77606	23.1329	
1.56384	1.77606	23.1329	
1.56723	1.74158	23.1904	
1.64942	1.21423	23.7621	
1.61966	-8.60751	23.8405	
1.67951	-4.15443	24.3327	
1.59148	3.81441	21.6716	
1.69262	-0.502612	24.0909	
1.62783	3.40946	22.0459	
1.67664	2.04998	22.97	
1.63193	3.64602	21.946	
1.73651	0.837862	24.146	
1.72237	2.00458	23.0979	
1.66522	3.62269	21.8552	
1.74426	2.0543	22.9089	
1.7074	3.47767	22.1025	
1.82636	-3.16375	24.5705	
1.79285	1.12961	23.6934	
1.86243	-2.10877	25.1365	
1.76371	1.93559	23.0368	
1.52554	5.58429	17.8622	
1.72588	3.62783	21.6454	
1.83178	1.93039	22.8913	
1.79556	3.55658	22.0814	
1.93203	-1.32568	24.3784	
1.95617	-1.64551	24.4253	
1.8926	1.99288	23.0345	
1.97159	-0.962097	24.2436	
2.03929	-3.01669	24.8093	
2.03277	-4.13565	24.6029	
1.90891	3.5581	22.1691	
2.07416	-2.89851	24.8856	
1.89471	3.64044	21.7571	
2.07857	-0.909896	24.548	
2.08156	-6.57337	24.3148	
2.04766	1.18344	23.5716	
2.0401	1.5785	23.2423	
1.7205	6.1688	17.9866	
2.11669	1.30176	23.6029	
2.11669	1.30176	23.6029	
2.22805	-0.643488	24.8082	
2.10284	1.87952	22.9546	
2.15325	1.44955	23.6137	
2.19213	-8.52826	23.9475	
2.26854	-2.06876	25.047	
2.10599	2.17637	22.6899	
2.1043	3.43008	22.0678	
2.1043	3.43008	22.0678	
2.14656	2.80162	22.2463	
2.16227	2.68332	22.3839	
2.32263	-7.25482	24.1917	
2.28357	1.04614	23.5982	
2.23889	3.51223	22.3252	
2.3867	0.416445	24.0595	
2.352	1.27901	23.62	
2.25253	3.69303	22.0334	
2.28273	2.68992	22.2465	
2.39278	1.58097	23.2499	
2.4785	0.749757	24.0402	
2.41631	1.72527	23.1795	
2.41919	1.94942	23.1204	
2.41994	1.89318	23.1062	
2.3707	3.71728	21.9246	
2.46629	2.60552	22.4974	
2.55713	1.96266	23.3511	
2.64026	0.327995	24.1933	
2.71325	-1.77118	24.5678	
2.45189	3.5667	21.8884	
2.6077	1.542	23.5085	
2.70971	-7.00569	24.0612	
2.65856	0.79511	23.7503	
2.75944	-2.69131	24.6293	
2.47345	3.99657	21.7353	
2.55467	2.50832	22.5296	
2.74785	-7.58781	24.0219	
2.66267	1.42208	23.4753	
2.75102	-5.64496	23.9938	
2.54889	3.62663	22.2296	
2.76532	-4.42122	24.0443	
2.60391	2.55503	22.5754	
2.56835	3.64168	22.1701	
2.63529	2.74031	22.4747	
2.75293	2.43838	22.9097	
2.96406	-7.93379	24.2581	
2.97092	-7.78731	24.3269	
2.68657	3.62317	22.2035	
2.83818	1.70385	23.3239	
2.88848	1.18898	23.7525	
2.95092	-4.28454	23.8446	
2.78015	2.5942	22.6508	
2.78015	2.5942	22.6508	
2.77116	2.66265	22.4525	
2.78784	2.70992	22.5997	
2.90156	0.830345	23.5173	
2.84367	2.63672	22.7169	
3.00293	-3.34916	23.7006	
2.32525	6.00707	17.8182	
2.85989	2.66767	22.5606	
2.80371	3.79848	21.9669	
2.8299	3.87588	21.9933	
2.86432	3.8048	22.1551	
3.15872	-4.65484	23.9499	
3.17551	-5.2679	24.0076	
2.85791	3.8099	21.8197	
2.87955	3.7365	21.9503	
3.05083	1.60572	23.3273	
3.08438	1.7233	23.2924	
3.28739	-0.786437	24.7032	
3.04076	3.61989	22.466	
3.44835	-0.393099	25.2638	
3.16833	3.59403	22.5787	
3.28367	1.6843	23.1359	
3.22922	2.72639	22.7501	
3.55038	-3.06064	24.7823	
3.51239	0.458999	24.5956	
3.31079	2.49214	22.9712	
3.55033	-4.84683	24.1685	
3.31604	2.06478	22.9261	
3.65576	-0.350138	24.9499	
3.36281	2.58336	22.9389	
3.32071	3.06619	22.5801	
2.70716	6.14461	17.9701	
3.71079	0.494381	24.7922	
3.72183	-0.127979	24.5818	
3.64516	1.01464	23.907	
3.52731	2.19461	22.6942	
3.90531	-2.95812	24.8196	
3.60088	1.86009	23.0046	
3.918	-4.41162	24.5976	
3.61763	2.21346	22.993	
3.80288	0.787721	24.1196	
3.58328	2.41282	22.7054	
3.60578	2.97478	22.9173	
3.75383	1.3595	23.5452	
3.59081	2.94376	22.3621	
3.549	3.78495	22.1372	
3.86058	1.5127	23.691	
4.11619	-6.2625	24.2511	
3.90942	1.44243	23.6742	
4.13871	-5.43384	24.3726	
4.07972	1.09101	24.0414	
3.85019	2.43172	22.6406	
3.11116	5.81666	18.0482	
3.92348	2.63725	23.0034	
4.04	1.34638	23.5679	
3.80679	3.98941	22.3092	
3.90874	2.66073	22.7991	
3.94065	2.62962	22.9603	
3.89081	3.09681	22.4063	
3.95622	3.36292	22.4109	
4.20746	2.41543	23.1773	
4.35788	0.91695	23.8497	
4.50786	-3.26261	24.2166	
3.37503	6.26512	18.1962	
4.5888	-4.32575	23.9943	
4.3428	2.80743	23.2214	
4.3428	2.80743	23.2214	
4.1892	3.74616	22.3429	
4.37057	2.59507	23.0423	
4.56641	1.39797	23.9688	
4.61654	1.16513	23.7957	
4.64911	0.828177	23.8612	
4.69349	1.3278	23.9508	
4.86309	-4.53352	24.0721	
1.26906	-0.466085	4.64817	
5.12426	-6.08713	24.6117	
5.03776	0.395322	24.9265	
4.66819	2.77468	23.2072	
5.23056	-6.57808	24.8556	
5.24227	-1.83432	25.3062	
5.23645	-1.55818	25.313	
5.20472	-0.372425	25.1543	
5.20472	-0.372425	25.1543	
5.22262	-0.84655	25.0639	
5.22472	-5.36316	24.3863	
5.04679	1.69841	24.37	
4.90053	1.93891	23.511	
4.84295	2.38674	23.2635	
5.21133	0.796386	24.8491	
5.33012	-0.560207	25.1264	
5.31583	1.24376	24.2673	
5.19404	2.37267	23.7012	
5.30128	2.09358	23.9162	
5.64848	-0.469744	25.166	
5.79245	-3.41521	25.2113	
4.06637	5.52916	18.0618	
6.07924	-3.05827	25.1727	
5.76236	2.13818	24.2576	
6.15949	1.87478	24.3572	
6.66634	-1.12319	25.2887	
6.41075	1.96576	24.3544	
6.89811	-1.18691	25.2542	
6.83206	0.690566	25.1967	
6.98988	-0.931413	25.235	
6.94169	-0.190457	25.1365	
7.07072	-1.06977	25.1582	
6.70213	2.44653	24.282	
7.20441	-2.30037	25.328	
5.02097	5.41645	18.2046	
7.28546	-2.20495	25.3692	
7.24982	0.192611	25.5909	
7.15327	1.00082	25.2161	
7.20512	1.26256	24.6753	
7.27649	2.80185	24.5935	
7.77747	0.51867	25.0603	
8.03466	-3.00728	25.2143	
8.05436	-2.88308	25.1992	
8.04673	-1.86493	25.2937	
8.30626	-3.69586	25.2611	
7.92711	0.753145	24.5202	
8.26617	-1.72757	25.1369	
8.58578	-3.03915	25.4027	
6.28471	4.6861	19.4132	
7.23662	2.85233	21.9792	
6.6185	4.20762	20.2145	
7.12916	3.60368	21.4394	
6.11179	5.86865	18.6362	
6.20919	6.63887	19.0367	
6.24193	5.30542	18.8408	
7.11415	3.75985	21.1746	
6.31219	6.56468	19.0695	
8.83676	1.43947	24.5059	
7.72159	4.06024	21.6428	
6.98054	6.09671	19.7648	
8.50749	2.72024	23.3623	
8.16124	3.65637	21.8035	
8.14885	4.70249	21.7163	
8.03944	4.96584	21.115	
9.09765	3.24203	22.7338	
9.22123	5.58775	21.9707	
9.32526	5.04847	21.8754	
9.33856	5.05899	21.9082	
-6.0541	5.8935	22.1309	
-5.602	5.51497	22.1973	
-5.57924	5.49137	22.0781	
-5.48122	2.93436	24.0809	
-4.98263	2.27492	23.9457	
-3.48081	5.89826	19.5185	
-5.35569	-3.01019	25.1939	
-5.07911	-3.52285	25.1948	
-5.02974	-3.31533	25.0774	
-4.16819	3.25273	23.0671	
-3.87318	3.34496	21.9684	
-3.27239	4.96205	19.7346	
-5.51229	-4.6877	27.4558	
-4.92218	-3.64022	25.0826	
-4.18179	3.02282	23.6659	
-4.70778	-1.98133	25.6089	
-2.76755	6.18821	18.6426	
-3.06217	4.55524	19.7765	
-4.07376	2.62878	24.376	
-4.33475	-1.06126	25.3705	
-3.3213	3.58233	22.2098	
-3.91763	0.612096	24.6695	
-3.44792	2.28348	24.5568	
-2.7953	3.53846	22.634	
-3.51994	-3.17491	25.2237	
-3.34277	0.491063	25.1872	
-3.38672	-0.824623	25.4228	
-3.32413	-2.46833	25.4529	
-3.27021	-1.60326	25.4752	
-3.20821	-0.678455	25.4238	
-1.36149	-1.92874	12.8963	
-2.38437	3.71859	21.9178	
-3.0559	-1.97166	25.3037	
-2.92164	-0.132347	25.3966	
-2.84767	0.46484	25.2495	
-2.80367	0.320952	25.3962	
-2.4741	2.84032	23.8087	
-2.64234	1.46428	25.1111	
-2.30421	2.86631	23.129	
-2.18754	2.85437	23.3471	
-2.05837	3.17131	22.5984	
-2.6121	-4.30051	24.9094	
-1.88132	3.67878	21.8017	
-2.38586	-2.09965	25.3317	
-1.86317	3.19463	22.7576	
-1.86575	3.0607	23.3977	
-1.89689	2.80823	24.07	
-1.6373	3.58435	22.2773	
-1.9756	-5.52116	22.5487	
-1.62772	3.41961	22.5084	
-2.10366	-2.076	25.4152	
-1.80346	2.85796	24.189	
-2.03476	-0.46358	25.324	
-1.02268	5.53335	17.8767	
-1.98006	-0.566806	25.3744	
-2.00979	-4.28484	25.5276	
-1.91816	-2.06614	25.3975	
-1.86557	-1.27125	25.1728	
-1.98325	-4.52621	25.4539	
-1.44538	3.54531	23.3953	
-1.75518	-0.916955	25.3292	
-1.62445	1.19796	24.7999	
-1.78132	-6.85039	24.804	
-1.17739	3.98214	22.087	
-1.60738	-2.63144	25.1796	
-1.54223	-6.80925	24.4269	
-0.986183	3.94082	22.1479	
-0.560924	6.3508	17.7985	
-0.824273	4.38896	20.7138	
-0.824273	4.38896	20.7138	
-1.07507	1.74517	23.7539	
-1.06715	1.64912	23.7892	
-1.0656	1.54839	23.9589	
-1.04967	1.73126	23.9588	
-1.02019	1.74208	23.6038	
-0.947817	1.66738	23.8166	
-1.0689	-3.73747	24.081	
-1.05362	-3.90146	24.1375	
-0.89766	1.405	24.0179	
-0.960695	-4.83096	24.2832	
0.13808	0.496448	7.7303	
-0.682475	1.04674	23.993	
-0.85347	-5.46513	24.3955	
-0.593701	1.9237	23.3396	
-0.589264	1.89347	23.3529	
-0.745713	-2.17224	24.5694	
-0.410273	3.54292	22.2979	
-0.403448	3.0762	22.4392	
-0.608542	-5.85505	24.9422	
-0.412273	1.07926	23.9663	
-0.44707	-0.480101	25.056	
-0.417761	-0.136187	25.0271	
-0.448713	-2.98935	24.7133	
-0.180143	3.30165	22.3073	
0.558129	0.422728	5.05496	
-0.243826	1.34889	23.6994	
0.0858825	6.41036	17.9716	
-0.107276	3.94413	21.9676	
-0.303889	-1.08321	24.9973	
-0.268145	-0.882668	24.7792	
-0.169814	-1.78034	21.8459	
-0.10786	2.71802	22.9043	
-0.0284858	3.88197	22.1581	
-0.0763779	2.72051	22.9133	
-0.115487	1.03476	23.2989	
-0.115194	1.09522	23.3968	
-0.187659	-0.447707	24.9056	
-0.0807357	1.8527	23.4446	
-0.147274	-0.214941	24.9309	
-0.0368455	2.02862	23.1698	
-0.0454288	1.11212	23.2477	
0.0227924	2.67704	22.9671	
0.0227924	2.67704	22.9671	
0.0411632	2.82805	22.5042	
0.0294852	2.65742	23.0261	
0.0667486	3.15353	22.2801	
0.011451	1.49601	23.4964	
0.100448	4.03242	22.0184	
0.0552435	2.7148	22.9701	
0.271638	6.64393	17.9081	
-0.0690635	-2.03103	24.689	
0.0733743	2.53148	23.0222	
0.0505272	1.62995	23.4797	
0.0495138	1.52654	23.5019	
0.13732	4.03674	21.9595	
0.0909707	2.50812	23.0496	
0.0407309	-1.10484	22.9571	
0.102503	1.30255	23.3358	
0.136214	1.95974	22.906	
0.196377	2.25226	22.9392	
0.246382	2.91918	22.4128	
0.140429	-2.20208	24.6013	
0.320859	2.61816	22.8617	
0.366746	2.29134	23.0305	
0.429627	3.62113	22.0611	
0.4133	2.34929	22.8194	
0.445407	3.65169	21.9964	
0.39893	1.13589	23.2892	
0.43528	1.16863	23.3276	
0.472226	3.18379	22.4879	
0.450348	1.56405	23.1263	
0.465152	1.71874	23.1081	
0.465152	1.71874	23.1081	
0.462287	0.984971	23.2251	
0.462287	0.984971	23.2251	
0.486851	1.93404	22.9634	
0.486851	1.93404	22.9634	
0.516868	3.18161	22.4793	
0.472285	0.506781	24.2625	
0.496955	1.41006	22.9986	
0.583445	-0.518766	24.2167	
0.631434	2.3635	22.7063	
0.640982	2.7985	22.6896	
0.657653	2.44328	22.5701	
0.660839	2.69786	22.7034	
0.680947	1.65215	23.0625	
0.716313	1.69571	23.1229	
0.690399	-7.54887	24.3767	
0.741303	-3.91631	24.0598	
0.829284	2.15746	22.938	
0.837065	2.59855	22.6546	
0.845916	3.95777	21.9715	
0.845916	3.95777	21.9715	
0.83885	2.6295	22.6665	
0.852674	3.65812	22.4968	
0.78799	-5.26407	23.8892	
0.885725	3.85861	22.2069	
0.90285	0.465273	24.2332	
0.915025	3.78071	22.2964	
0.910801	0.742901	24.0187	
0.894234	-1.46738	24.3878	
0.864451	-4.49689	24.0717	
0.864451	-4.49689	24.0717	
0.911594	1.06324	23.2685	
0.89821	-4.09699	24.0778	
0.913505	-3.45485	24.4069	
0.955996	2.62318	22.7197	
0.955996	2.62318	22.7197	
0.942389	-2.23318	24.32	
0.99413	3.80802	22.2289	
1.00953	-1.68008	24.5524	
1.02995	-0.413623	24.6498	
1.02995	-0.413623	24.6498	
1.02856	2.53901	22.7257	
1.03107	1.24427	23.2931	
1.04557	1.21443	23.2992	
1.05232	3.65418	22.3344	
1.07901	-5.73419	24.1481	
1.11047	-2.83558	24.5352	
1.06718	-7.05557	24.0776	
1.11478	-2.47836	24.4372	
1.1285	2.45186	22.5971	
1.16403	-1.53332	25.0128	
1.14633	2.22742	22.853	
1.15857	-4.2302	24.3677	
1.12506	-8.86333	24.346	
1.21008	-2.19685	24.7875	
1.19399	-4.5903	24.3184	
1.22661	0.867854	23.4409	
1.24444	-1.14749	24.5948	
1.23385	-3.29978	24.4551	
1.28407	1.59044	23.2253	
1.2589	-7.70012	24.0915	
1.28558	3.36819	22.3638	
1.16646	5.36354	17.7426	
1.16646	5.36354	17.7426	
1.27759	-7.80942	23.9585	
1.39016	0.285419	24.7572	
1.40756	1.67129	23.2837	
-0.590829	2.438	36.1399	
1.46794	-3.03444	24.5114	
1.42621	3.80343	21.982	
1.44714	2.6071	22.7227	
1.46881	1.89132	23.068	
1.43943	3.75803	21.8973	
1.48914	-6.83098	24.108	
1.50929	1.57551	23.4278	
1.52928	-4.03359	24.5027	
1.5069	2.05084	22.9322	
1.51009	2.1167	22.8227	
1.52591	2.08667	22.8778	
1.54962	1.71282	23.2863	
1.57033	1.52171	23.3984	
1.61035	1.5853	23.3692	
1.63806	1.15401	23.8312	
1.68382	-2.44456	25.0638	
1.62813	1.55495	23.4569	
1.64942	1.21423	23.7621	
1.6412	-7.08229	24.0743	
1.69262	-0.502612	24.0909	
1.67507	1.25736	23.564	
1.66871	1.97933	22.9683	
1.66871	1.97933	22.9683	
1.70776	1.21149	23.743	
1.73677	0.528701	24.1799	
1.76599	-1.91186	24.6175	
1.73959	-7.77953	24.2012	
1.6759	3.66614	21.8338	
1.80204	-1.90598	24.5466	
1.7546	-9.07787	23.9189	
1.82636	-3.16375	24.5705	
1.83966	-3.26506	24.447	
1.81543	-7.89683	23.9592	
1.83939	0.856557	23.832	
1.84461	0.926603	23.8041	
1.79962	2.09704	22.8626	
1.76853	3.44344	22.0903	
1.95301	-1.5828	24.4511	
1.97159	-0.962097	24.2436	
1.96615	0.856855	23.8575	
1.9166	2.05948	22.9465	
2.04347	-1.55727	24.5818	
2.0088	0.806235	23.8373	
1.90891	3.5581	22.1691	
1.97149	2.09006	22.7267	
2.0525	1.3448	23.4933	
2.12597	-5.83946	24.5728	
2.06811	1.09812	23.6506	
2.04109	1.98425	22.9564	
2.14578	-6.99243	24.1187	
1.7341	6.29429	18.022	
2.23703	-5.55885	24.7716	
2.17126	1.38363	23.5189	
2.15163	2.74106	22.3726	
2.24965	1.25013	23.6573	
2.15004	2.69817	22.2652	
2.26146	2.09501	22.9018	
2.3867	0.416445	24.0595	
2.49481	-1.36439	24.7211	
2.38988	2.01161	23.11	
2.56634	-0.887	25.0774	
2.43167	1.53066	23.3091	
2.51502	2.04382	23.2906	
2.57414	0.933159	23.6754	
2.6501	-2.36874	24.3714	
2.5731	1.3941	23.457	
2.66386	0.556371	24.0069	
2.37594	4.58376	20.7287	
2.56488	2.52393	22.649	
2.77398	-8.08164	24.135	
2.65153	2.02191	23.1833	
2.77807	0.795243	23.7553	
2.89854	-7.73339	24.2541	
2.89854	-7.73339	24.2541	
2.7512	1.49623	23.3452	
2.77216	1.47207	23.5262	
2.96406	-7.93379	24.2581	
2.96268	-7.73684	24.1872	
2.78784	2.70992	22.5997	
2.87464	1.90856	23.3424	
2.88642	1.8119	23.2779	
2.76547	3.8236	22.0527	
2.76547	3.8236	22.0527	
3.03774	-4.87831	23.9772	
3.05246	-4.2435	23.9205	
3.07405	-4.55243	23.976	
3.11051	-4.21889	23.8824	
3.18811	-7.20451	24.3119	
2.93037	2.79479	22.579	
3.12248	0.586952	24.1285	
2.89411	3.7354	22.2407	
3.06885	1.66541	23.3391	
3.03686	2.49	23.0051	
3.16737	0.946363	23.5836	
3.19535	0.969612	23.3992	
2.55724	5.68346	17.8111	
3.16833	3.59403	22.5787	
3.24366	2.29924	23.0798	
2.80194	-0.164618	18.6029	
3.42647	-6.57958	23.6297	
3.54728	-2.78007	24.7447	
3.31036	1.35145	23.1122	
3.17026	3.91025	22.1117	
3.35562	1.8081	23.1372	
3.32569	2.5398	22.8552	
3.40743	2.55847	22.9157	
3.74904	-7.01912	24.4361	
3.72477	-1.75945	24.7443	
2.78532	6.83026	18.3748	
3.76533	-2.55327	24.7151	
3.52371	1.87602	23.3283	
3.83023	-1.40181	24.9679	
3.56261	1.89533	23.1976	
3.55225	1.51488	23.0701	
3.64229	1.7965	23.5034	
3.94351	0.0779253	24.7773	
4.05946	0.209552	24.7399	
3.95553	0.890039	24.0989	
3.97679	1.92695	23.8492	
3.73284	3.78113	22.0921	
3.84357	2.95884	22.5256	
3.84357	2.95884	22.5256	
3.90874	2.66073	22.7991	
3.87556	3.1184	22.4808	
4.16986	2.38819	22.9921	
3.37589	5.22223	17.9412	
4.42483	1.74325	23.4027	
3.6964	5.11285	19.4805	
4.82857	-4.54518	24.0483	
4.86309	-4.53352	24.0721	
4.88125	-4.22676	24.1795	
5.28333	-2.03412	25.0494	
4.92131	2.24225	23.7211	
5.33012	-0.560207	25.1264	
5.44787	-2.46219	25.0205	
5.62698	-1.78935	25.2873	
5.65821	-3.08221	25.1314	
5.65857	-0.166342	25.1569	
5.65857	-0.166342	25.1569	
5.75458	-3.07182	25.0768	
5.15145	3.23592	22.8299	
5.75251	0.199098	25.2287	
5.17985	3.14244	22.8794	
5.76825	-0.149678	25.1726	
5.77337	0.484002	25.1238	
5.96468	-3.45243	25.2379	
5.74833	2.56955	24.0976	
5.89795	1.60357	24.294	
5.89795	1.60357	24.294	
4.36784	6.17923	18.1077	
5.99198	2.07346	24.1856	
6.24365	1.14235	24.783	
4.68596	5.06844	18.1924	
6.73863	-2.75101	25.2138	
6.79306	-3.9536	25.2582	
6.94461	-3.18201	25.2102	
7.0277	-2.55814	25.2907	
7.06678	-2.89755	25.2494	
4.9247	6.20113	18.2334	
7.18929	-1.88678	25.4369	
7.20242	-2.7967	25.272	
7.19465	-0.205028	25.3002	
6.17004	3.81917	21.7935	
7.45295	-0.109116	25.2891	
7.4778	-0.538362	25.2955	
7.8322	-3.19653	25.3073	
6.93162	2.98729	22.7103	
7.89874	-1.12373	25.2479	
7.90297	-0.161699	25.2673	
8.03466	-3.00728	25.2143	
7.98039	-1.27907	25.186	
8.19544	-2.62524	25.344	
8.37976	-2.8816	25.3091	
8.44733	-3.15993	25.3789	
8.42157	-2.60864	25.3514	
8.78659	-4.86677	25.9272	
8.50538	-0.564834	24.5411	
8.55109	5.39484e-05	24.1506	
7.46977	3.71255	21.526	
8.372	1.64681	23.7719	
7.55182	3.99279	21.5708	
8.47415	2.72333	23.6841	
7.8582	4.04114	22.0349	
7.67607	4.07235	21.5166	
8.59395	2.47322	23.3558	
7.77202	4.28907	21.2894	
8.8248	1.43108	23.4984	
8.23487	4.55222	21.8898	
8.87682	4.6085	21.8078	
9.32526	5.04847	21.8754	
9.49516	4.54437	21.8538	
