====================加载相机参数==========================
K:
[2968.4102, 0, 2052.8564;
 0, 2968.4451, 1513.4656;
 0, 0, 1]
dist:
[0.11610191, -0.7793752, 0, 0, 0]
====================创建共视图==========================
tracks num:
15725
====================重建==========================
初始匹配视图: 2  3
=========重建 2 3 2616=============
相机参数：
id1 2:
K:
2968.41       0 2052.86
      0 2968.45 1513.47
      0       0       1
dist:
 0.116102
-0.779375
        0
        0
        0
R:
1 0 0
0 1 0
0 0 1
t:
0
0
0
id2 3:
K:
2968.41       0 2052.86
      0 2968.45 1513.47
      0       0       1
dist:
 0.116102
-0.779375
        0
        0
        0
R:
  0.998758 -0.0162239  0.0471022
 0.0127092   0.997179   0.073983
-0.0481696 -0.0732925   0.996147
t:
-0.745584
-0.241247
 0.621212
reProjErr:
27.0599
=========重建 2 6 817=============
相机参数：
id1 2:
K:
2968.41       0 2052.86
      0 2968.45 1513.47
      0       0       1
dist:
 0.116102
-0.779375
        0
        0
        0
R:
1 0 0
0 1 0
0 0 1
t:
0
0
0
id2 6:
K:
2968.41       0 2052.86
      0 2968.45 1513.47
      0       0       1
dist:
 0.116102
-0.779375
        0
        0
        0
R:
 -0.00921165  0.000544079  -0.00142286
-0.000572958  -0.00957146  -0.00044773
 0.000896135 -0.000548012    -0.012897
t:
 0.00337352
-0.00097261
 0.00368879
reProjErr:
10.7291
=========重建 3 6 640=============
相机参数：
id1 3:
K:
2968.41       0 2052.86
      0 2968.45 1513.47
      0       0       1
dist:
 0.116102
-0.779375
        0
        0
        0
R:
  0.998758 -0.0162239  0.0471022
 0.0127092   0.997179   0.073983
-0.0481696 -0.0732925   0.996147
t:
-0.745584
-0.241247
 0.621212
id2 6:
K:
2968.41       0 2052.86
      0 2968.45 1513.47
      0       0       1
dist:
 0.116102
-0.779375
        0
        0
        0
R:
 -0.00921165  0.000544079  -0.00142286
-0.000572958  -0.00957146  -0.00044773
 0.000896135 -0.000548012    -0.012897
t:
 0.00337352
-0.00097261
 0.00368879
reProjErr:
16.2634
